0.29812286516992
1.0014750312308
1.19516194433173
0.642565782815782
0.319156767773815
1.19262917901706
0.215333608530979
0.68034759160043
0.662363258570322
1.5446218893837
1.42585364734007
0.340775293693516
0.2232885252103
1.01088030764097
0.531770006455288
0.306051297713776
1.07882977595903
0.0425424009141426
0.409975522312852
1.09650429790085
0.536977541618398
0.663597962374372
1.6327476103019
0.0785566380008881
0.698766400779255
0.0704984044374983
2.50934722363779
1.28773487295006
0.0748991253569415
0.256428108832497
0.286206821934672
0.725133181217694
0.00396548902617979
0.0559381161887776
1.76146680296153
0.820859572859331
0.359431793487469
0.14015716744264
1.32627991710835
1.09857507894179
0.572581358940663
0.126181778750213
0.0192986354489937
0.167338632410806
1.34094441006934
0.0743898371865551
0.127081185054229
0.2328949250995
1.65236695536937
1.12049242720837
0.0113854015165655
0.332050086776422
0.174714056921285
0.497605544178308
0.615495652121402
1.10481422684615
0.527902112477185
1.28890229966
0.723666338529744
0.862928406731664
0.475937029910436
0.750512637479216
0.991242736941303
0.554400538967231
0.955008377828477
0.606609862390268
0.0634851884898569
0.0324511306949983
0.16421359361953
1.51394478785928
0.574420881026163
0.159162008154797
1.22054257566598
0.228495274251266
0.830699496545547
0.049154471864957
1.16333151957527
0.207867427899718
0.976908587072874
0.205514401057247
0.328380613190447
0.260973319971424
0.0860279375391709
0.982448793011915
0.0334640550920926
0.874716011775234
2.18669428997966
1.2560126071272
1.99068746562831
0.229339739456154
0.80404557672375
0.418062583423068
0.129755099269912
0.336085497135289
0.0897130792284551
2.06493767004394
0.791182946466162
0.0819162953252876
0.634644034079092
0.0583213433551271
0.122214741600151
0.00359804326650081
0.0917970891116639
0.350037801292275
1.29586835760864
0.109241515193255
0.0908463952772843
0.186003264893168
0.952108425296733
4.40926304861492
0.628873058228271
1.30604874768045
1.56490761487477
3.04233891194091
3.67476015972095
3.96425289235991
4.65726946764783
4.0233360073547
4.87157621693819
3.84233700048765
4.94255107244496
2.15157526534162
6.02651509002301
4.01251644804597
4.43178648999522
0.00479465949334103
0.0243604586596513
0.204098744143149
1.21749755858442
1.22662222733742
0.327690021381032
0.909390921994279
0.967692456646975
0.215103120604664
0.057309259150733
0.109154131095068
0.932479514128403
1.2184348548157
0.977546394059783
1.22524544493441
1.26743269245257
0.383540204648384
0.315416821982633
0.420255928804106
0.0453493356329483
0.407578371464986
0.856464898268506
0.806920008104418
0.734063890481275
0.376716274737334
1.30792412764218
0.313330425885941
0.74081168103768
0.479030817939066
0.188381914650457
0.364697581792076
0.0915198476432309
0.74399569338013
0.230825261196237
0.563983264691797
0.223313291608305
1.13581894307418
1.05931012725732
1.4201587518892
0.386688499987529
0.62440910574904
0.405410550474845
0.223367131197867
0.679979543756398
0.718103054527645
0.0434406116932792
0.156296605790398
0.533211295891641
0.657112593680908
0.687085144321886
0.9179938893274
0.343426788689776
0.641146959122889
0.49033944730801
0.099718613622917
0.12969383655784
0.0565853682925139
0.273090315152282
0.0172891951667964
0.323433749198734
3.79687747713868
2.41199692237049
3.19474698034382
0.674177842150315
0.761926807621103
1.12179591029755
0.612813716947934
0.620962123053945
1.51062832479777
0.0733515164097387
0.506560935597637
0.132247950957871
0.0970437732180378
0.123186454625449
0.773275204508979
0.735025676073619
0.0903605527537289
0.839818904387347
0.72515456040158
1.70287976278955
0.102980536436514
0.137590761619756
0.184520733454659
0.671756228186221
0.26675312104953
0.275369555263592
0.397455382058135
0.240944028156122
0.0802739812685207
0.165367344290808
0.687051953195212
0.0273091226696434
1.36068860047648
1.51708319484389
0.834432232131663
1.85027499376833
2.29303653727402
3.758100673664
4.15891080155428
3.01315852897673
4.50620860102744
1.60505834450147
0.614072799028958
0.421691249643002
0.424099899048674
0.679534133865652
0.289491721040281
0.202117346849462
0.0956796775455919
0.198175172047308
0.175884578755115
0.269665894787696
0.411762947561368
0.139871171004654
0.121468403589092
0.234524881334448
0.30988984838813
0.298619202726181
0.27606980543649
0.191546971092537
0.050218427441684
0.110188977248275
0.0433241446231477
0.29937802895153
0.143441657605148
0.377397470883973
0.224092441289719
0.137407562396309
0.404586528013794
0.468889527418248
0.413116379652623
0.283597941492052
0.155092700987442
0.0954340902027656
0.306481801164145
0.0197577844531346
0.647847442672931
0.420282258666323
0.409269314487422
0.402339941777575
0.394154474939555
0.0934426612963392
0.16686610599225
0.176472372272944
0.122817689107856
0.000209688839973782
0.187372357969646
0.199391315142517
0.370973365218859
0.99366837587528
0.186128030052148
3.57350125803739
5.99197914599074
2.12077236584014
1.14253059194444
4.81702475776313
5.37236567019008
8.91488374901127
11.1745336957274
11.9830974353349
5.63554506727728
1.32855366899094
10.498770508656
1.76369765349633
5.5486871762976
5.70380496401169
5.43510480083218
0.346828354202761
0.273073930397435
0.0566129603480188
0.170530530505336
0.0921512704622541
0.661306275411137
0.214193268963654
0.174082632632144
0.431220554986936
0.618515599064627
0.877093701415518
1.14339145207807
0.537439583078976
0.106035832197129
0.223142972328144
0.218454971862906
0.150176494187167
0.195011582033702
0.217844012888593
0.22633654263607
0.41720977770722
0.169093668660589
0.187989204766272
0.0973099834911104
0.213668607870775
0.446881967973958
0.202996364394866
0.488634550801144
0.741849032297261
0.313166551031255
0.00883816066128551
0.107648982132413
0.145320991515292
0.188872649483566
0.082869702095697
0.0739250817193294
0.0718311619061574
0.0592459551876407
0.027777627483034
0.132914275712781
0.186200915992043
0.0106884514037523
0.0836509279671724
0.0748500001217354
0.270952407600296
0.113413211332881
0.261083137554664
0.418750946568339
1.1814684150537
0.164171828283972
0.262995745269253
0.409764812616465
0.293774018330067
0.0609911725649158
0.330596560478205
0.323562942005412
0.275148084784169
0.401247103716198
0.0430737105606431
0.135459651195208
0.0492554376192331
0.198762726838114
0.0554011015384007
0.357191762978235
0.51998452535872
0.508676354847112
0.275842699270398
0.142731417481647
0.445938654395116
0.315477707262933
0.346492729818977
0.0591528189367916
0.0410018276198477
0.116659294577926
0.172219241026941
0.370187499065951
0.63086878440198
0.794418283839015
0.642547095480312
1.19157495768311
1.33857968432672
1.97678964231418
2.61932290889541
0.452444295211066
0.979443888677662
2.10028574305917
2.3821120742479
4.18924413471217
4.29855659604405
0.21078425496551
2.91033834279099
3.62265664114543
0.0220074527881597
1.93360924834313
3.14107786655944
0.577632997285124
0.095115798590654
0.294488653492934
0.561542388268515
0.024494769762907
0.110127598862215
0.211244296075054
0.108804750382271
0.0794278167796348
0.0608038317083072
0.167713222576962
0.129865608279056
0.186090850002895
0.770042903765243
0.0388810530011078
0.561629211613903
0.0973304273860856
0.185579546867202
0.0627369385181938
0.335916033336351
0.304234695881849
0.165684347266002
0.257381717515772
0.331353658727616
0.103182082789819
0.137468568292104
0.171554836875616
0.130917684238218
0.179361550582973
0.0230276596544887
0.162649622215405
0.0818209167717095
0.385686997339881
0.0672479664048352
0.00311932527290633
0.0644174913554695
0.372713945641488
0.0217348838100645
0.155153691547712
0.0495193993674253
0.184871098418836
0.0862192705403916
0.0416343314096731
0.129877720190691
0.131214382972857
0.0681141773480576
0.864587736857481
0.145982250221188
0.496126987979512
0.788551476715111
0.4622334109352
0.558755013307725
0.137639518269882
0.224176110747739
0.123433548861064
0.183086620723331
0.376128882571783
0.923716636639934
0.215091387967906
0.441788218404344
0.718175089510797
1.89958202985792
0.761158770561887
0.37451903646564
1.44489408144921
0.61036873015583
1.20364926610978
0.413378865763406
1.00573033547397
2.0408118814861
1.66306501757985
0.88249670820798
1.08487754664825
1.32239848788715
2.60474975781689
3.91797241841797
1.43112983955826
0.976781092304875
2.24772007762276
1.04863271630014
0.00998434195955427
0.184725356869355
0.0925737348566474
0.148296960288122
0.554300105191628
0.120499415991586
0.420476960606685
0.22222060190101
0.0971528558876041
0.0418360430206038
0.302809449612242
0.140879733575029
0.315119536179861
0.320317648595445
0.262302689762366
0.0477889758427052
0.0709208009319839
0.118550990291459
0.360716315576744
0.28534165785523
0.344407366578377
0.312502520900292
0.303435136826054
0.269907836430035
0.0843759839705437
0.0616180976556322
0.00247296736715795
0.382670533233821
0.00595394756805123
0.0787575611325345
0.257876745385089
0.150415838707874
0.114106927578347
0.207282253011045
1.08804702776833
0.827253906429361
0.653243737914417
0.60122519005979
0.887139877865605
0.711693959520188
0.613298697267461
0.455117185637222
1.38373140160335
0.57831437776971
0.349377493297237
0.158708268233215
1.47858922022098
1.7769334337938
1.1525749593616
1.88404619705316
2.50040181477511
0.468223366106317
1.32100633560994
0.748234624156848
0.627735473609105
0.619942364551968
0.780655676313989
1.30751717735197
1.35682226796146
1.37032158575058
1.1735651773454
0.997664194609745
1.39662238995002
2.60704486896069
1.40960532730406
1.98440799417811
3.08286444172797
1.65285685433034
2.26928210659166
3.29319837654029
0.0162625020090084
0.0943819684567099
0.312896170009266
0.136593171064005
0.827680726322543
0.59088213846118
0.133932627567294
0.0753226018458594
0.0787238226351809
0.0836286806718152
0.353415533722054
0.236070965818551
0.785242238583495
0.314358781781475
0.0713821067010438
0.93877979859077
0.246898185601087
0.0296526827519629
0.149127454824725
1.56470548905214
0.259587400793794
0.0303472815967169
0.561032628162449
0.55139747844865
0.15980902936972
0.339648166880991
0.14075342423729
0.643719832338863
0.115199687795469
0.744493348879957
1.26383384072582
0.199893640489345
0.446287281459221
1.11056301834917
0.656881981884823
0.189376602709321
0.634278742013244
0.267446163830785
0.533016165571821
0.123228575813611
0.281312925665431
1.0120786422105
1.6384784564143
1.13133886456569
0.409154408167398
0.543855277194726
0.82297166353186
0.107413697974161
0.118533517345566
0.0335104299932845
0.159105580066051
0.170580260456163
0.214625616659484
0.0585092637730546
NaN
0.686561840136085
0.204236108945811
0.605631460079031
NaN
0.112227449092694
NaN
NaN
NaN
NaN
NaN
NaN
NaN
NaN
0.388834939246537
0.100829731980973
0.308765588335236
NaN
NaN
NaN
0.122296250294969
NaN
NaN
NaN
NaN
NaN
NaN
0.426649568687298
NaN
NaN
0.0656110826131247
NaN
NaN
NaN
NaN
NaN
NaN
NaN
NaN
NaN
NaN
NaN
NaN
NaN
NaN
NaN
NaN
NaN
NaN
0.0175346387676934
NaN
NaN
NaN
0.0560395101856697
0.967327088930652
NaN
NaN
NaN
NaN
NaN
NaN
NaN
NaN
NaN
NaN
NaN
0.204997481769842
0.0466767666564934
NaN
0.0124724038757681
0.236405026847036
0.463021121862237
1.58178440704549
1.28631320495118
2.49828997167466
0.933346730945005
0.77852792153893
2.27663002872187
3.40237277476744
3.43738290902477
2.46499705959924
0.751598391677725
1.94254485549716
3.95339976017104
1.5162315775524
1.07507061154468
1.4053348397834
2.01207372825205
1.62267571088822
1.64129946188877
2.68709294315414
4.47167047738119
2.29722675163064
6.8613044849727
6.43116273295624
8.30158340910566
2.81152392989499
0.0484445652561915
4.02388648198442
7.09352122754198
2.36419022308973
3.39943964131517
4.7647380009076
4.33651520793553
2.17012453241386
6.23678522052913
4.35825643034311
4.46685182594689
6.75088617520278
NaN
NaN
NaN
NaN
NaN
NaN
NaN
NaN
NaN
NaN
NaN
NaN
0.112001931255082
NaN
NaN
NaN
0.00146709668867588
0.47546149129134
0.256918158820806
NaN
NaN
NaN
NaN
NaN
0.068182295065124
NaN
NaN
0.527221395266621
0.0742407307988174
NaN
NaN
NaN
NaN
NaN
NaN
NaN
NaN
NaN
NaN
NaN
NaN
NaN
NaN
0.0286826482273668
NaN
NaN
NaN
NaN
NaN
NaN
NaN
NaN
NaN
NaN
NaN
NaN
0.620482495532914
0.523592703754534
0.511646593650443
0.0652123515254272
NaN
1.17774914787528
0.405328589757407
NaN
0.74861837834557
0.532359901381543
0.125993594017904
NaN
NaN
0.171464012055573
NaN
0.922183730217136
0.577781205621269
1.33280514405136
0.22663553966452
1.77516165615152
1.61794165908206
1.58284502373459
2.82879757437798
1.41532391968395
3.61072218866642
2.76814388960991
3.93190933141022
4.1782963759031
2.11685518212539
2.47426768318011
2.53900487150893
1.50131089655608
3.22089255254972
3.63114282509171
2.56992981136674
3.44432788415233
2.1703045560181
4.33311959025997
3.63146396319122
1.73763745928251
3.3718207180842
0.62566221542387
NaN
0.733412150920494
0.420021879390125
NaN
0.349147318911581
0.287758719023487
2.66982600377831
0.0915514166099785
0.295010998513871
0.849058613287451
1.02939824180209
1.88765994770664
0.428026035565818
0.891121345747093
NaN
NaN
NaN
NaN
NaN
NaN
0.176270488802656
0.126088728475059
NaN
NaN
0.955963953947384
0.830186843739602
NaN
0.0267484399737661
0.395000642061738
0.162799577965586
0.222506172434918
0.371502607352997
NaN
NaN
NaN
0.111438914100983
0.132199266965821
NaN
NaN
0.555187327529843
NaN
NaN
NaN
0.111776607737525
0.424251928263283
0.305415970467878
0.937236900945306
1.0055350357053
0.292730709626786
0.284347393759302
0.284139313283724
1.77898192932587
1.28257264675501
NaN
1.7744613930687
1.91006380262714
0.576031355780097
0.415332646095132
0.339223883802863
1.71507960806875
0.9856130217059
1.53372692577136
0.780396496846801
0.945325259895793
1.19252879015817
1.40393705844831
1.58748077318472
2.47728221548344
1.30901596054239
1.55943638230268
1.89409227807321
3.31669496742603
4.698608614628
2.99145690788903
4.47076472787817
5.36047318067746
5.00597399828739
3.93229145315701
2.61630688407944
3.07076032451041
1.68593294364303
3.98859060382466
3.70747745600389
1.49352317616717
3.52385098759162
1.4577567377954
3.44247225378934
1.55826024360519
2.22332166115792
1.08842627455939
0.303457552075369
0.0109764792159375
0.359329256983995
1.62130768738199
1.56646735638599
NaN
NaN
2.04790376208531
0.148062367623914
0.235525540364567
0.0675820666604622
NaN
NaN
0.590282922584064
0.896918100231872
0.970830038246928
0.375814001460649
NaN
0.149383803724019
NaN
0.492489291916174
NaN
NaN
0.509322147470876
0.705372124426707
NaN
NaN
NaN
0.368587832064118
0.555743206402607
NaN
0.0948958914184694
0.154233940006325
0.312028601278162
0.281532750580417
NaN
NaN
NaN
NaN
0.224125958726442
NaN
NaN
NaN
NaN
NaN
NaN
0.56072121979885
0.331848997941223
NaN
0.081236839308578
1.04055264781707
1.44502528656356
1.70161940421321
0.0303961527037983
0.109269216284476
NaN
NaN
NaN
0.57102869037192
0.0852374202363747
0.381175680819246
0.0261176723354398
NaN
0.463176471954149
0.11428869992152
0.702064632897051
0.959445907658493
NaN
0.920450063889767
1.40670865733236
2.23670619019251
2.00757967997907
0.533745537073498
1.58089651431781
1.43883728702248
1.41680141871392
1.7958271567694
1.4265037082429
1.84423536698056
3.4374018957222
NaN
NaN
NaN
NaN
NaN
NaN
NaN
0.00531039651940111
0.00972660303264554
NaN
0.00172114246385968
NaN
NaN
0.366116940484082
0.0507760763731553
0.0390958336822713
0.745121529633917
0.348073611948567
0.132514855661025
0.0798129002433063
0.0133921453962812
0.0222236956063478
0.283442046720769
0.297754221997609
0.260001535455591
0.00698796936324467
0.104916585173788
0.0899355683141844
0.156448569348605
0.24936275349265
0.052859751775365
0.0129743996778305
0.108778189507927
0.00384763195391409
0.171759779227136
0.466112082168833
0.457238153237774
0.0282155618325397
0.00971307141116299
0.0707427408038463
4.03630699676397
3.79158548582309
3.8233368478476
1.69761462308657
4.47900933972846
0.60893294881794
0.39920958566238
0.113184082007863
0.315314522294656
0.224389299328756
0.338014537556631
1.14409317406693
0.333351984504774
0.0631722550884306
0.0855242754732513
0.206834998917129
0.469734547165046
0.451615657161554
0.210608166550321
0.226658704271204
0.10791653713161
0.0390758499139348
1.04552195594219
2.88844041766219
5.14822080260048
3.16841723768909
0.307036410960899
0.028557666607155
0.384161958568335
0.349986697596389
0.812931911743028
0.0222502073048066
0.0974169652055069
0.0668243432808085
0.418691048515077
1.65958308305063
6.04519761797385
1.83252480847739
2.82269586454701
0.579141825705134
1.64138038772145
2.95180006642172
4.1719860434249
0.104448961460532
0.872862873138835
0.420609032330267
1.36170819268775
5.93659640138728
3.20599424950571
4.30306771432264
9.07922181306543
0.422333456277044
0.0567861947894688
0.0223876964305941
0.301530582739454
0.288621571901403
0.0482833633785833
0.294844128359975
0.476634586986864
0.0784636192927576
0.190014888534235
0.871409277370414
0.672808692042386
0.464577331501958
0.0387548105683377
0.0161918198124609
0.0242792106890915
0.060433356000229
0.451637562051107
0.134687767768543
0.127033700749687
0.0316602729457381
0.107278468475557
0.056728245364009
0.018458157969909
0.023155789697571
0.479317810586414
0.343531173284566
0.881650112601864
0.492698477219141
0.281383010830269
0.0908253707807248
0.1655623523281
0.184865498228976
0.196890652265351
0.20323767211513
0.414193655519248
0.385231928509948
0.17027909150936
0.107833327332786
0.617877725446425
0.164208209390789
0.309526228350096
0.319060654080384
0.408640433983304
0.22269571614701
1.25200090183053
0.44273453112563
0.292367342475747
0.259662624116684
0.281615938458927
0.127343640113272
0.118360937683239
0.187600639216982
0.0670391837881031
0.0610294107211963
0.925966012050959
0.935928228473625
0.715882038749309
0.0279284401184236
0.543053173786893
0.344392057477356
0.272740862450342
0.460598107076143
1.03223053355564
0.0929480548590095
0.0695715363552598
0.746346574965367
1.92833254654979
0.351743520730939
0.393780674650769
0.0563207835575686
0.551777235843388
0.382813714235297
0.177849156187358
4.54420712308508
5.63158927312375
1.38806506389052
0.115094802140908
1.85664979845732
0.71565899200202
0.63505414989186
0.414636890136835
0.678637436502485
0.753131470940433
0.199988193082672
1.57960150858777
0.511385674211615
0.406157874421377
1.30597332478701
0.142853481599799
0.359457061896535
0.455157332905539
0.161925241768429
0.396180044154122
0.731517428556665
0.539176378987479
1.02090244184951
0.122002746693593
0.241449586336749
0.294421202939797
0.474982036832039
0.305907656819961
0.429241957456512
0.31126246629016
0.184839648944421
0.211019643492126
0.0646590310520941
0.384155131212174
0.20068484311806
0.236482611650364
0.374616388539056
0.245498250075529
0.00143846758386092
0.378035305231292
0.253271206511384
0.683526972589528
0.261820703715384
0.352844020027578
0.293815466753176
1.09961300157658
1.19398861217892
1.77780635222759
2.17387443347607
0.523924342846317
0.404933097176711
0.0462595705880839
0.116895633985675
0.0868245534896514
0.609407648013374
0.561338505967042
1.22891007248394
0.396664699359067
1.07993455110986
0.685684555413593
0.208891045177025
0.0334615279005016
0.100463326211741
0.442389183205452
0.42057680167245
0.355328953594435
0.0200332772483936
0.0019915234196044
0.0147115142293604
0.0169197432381785
0.021334019864447
0.0220787364138673
0.157585263957107
0.0633407704610098
0.116246178319207
0.752621913740032
0.177399200514409
0.302067554761813
0.188263927655867
0.41802377618728
0.521022346078763
0.465202650456808
0.519969345191178
0.603062328070328
0.713832268971987
0.901303320990955
1.10213477402135
0.973088744423553
1.12010492141949
1.13645797626103
1.42767051135724
0.560679434782273
1.04015250715897
0.145529978274782
0.190921484894681
0.437930231566923
0.197528299412299
0.368123954343069
0.234062076740539
0.330692570649195
0.0511989044993907
0.0830899313030653
1.08807943178156
0.543064057486777
0.810366598141641
0.0668212238176139
0.0013100008100676
0.146502689836545
0.361784073352966
0.171307640864798
0.220402955002577
0.2091465943745
0.106677230131012
0.172961297151963
0.0416878863985167
1.24495642033707
1.19085560758996
3.81517302476259
0.2429484246127
0.201776688227792
0.442740580003361
0.460113959323473
0.021109484149019
0.0954185654860987
0.905057429338004
0.131758986944386
0.474274350635337
0.339363890276137
0.0100792653402341
1.60268797932358
0.571878894403197
0.0773010852879355
0.0410802241785322
1.6867008562516
1.3088219999493
1.45798222540523
1.42785985693986
1.40826133296263
2.64833204986064
0.512028069612067
2.09295304966117
0.0998169711434646
0.218541238929241
0.0173877475637021
0.606695380554981
0.180672300370019
0.324015540921106
0.260192335358608
0.0711237019675896
1.09671615631955
0.524171687900395
0.267617716126465
0.235322981899623
0.133554922606862
0.223736860178611
0.0980510225459008
0.0813460975392701
0.162385413742714
0.304760572301602
0.054109397936967
0.40892018602409
2.06343867799969
1.63089108678864
1.38418794854343
0.853434933853518
1.15330968765779
2.33356272625016
1.6223296259454
1.96666435098744
2.62047576726323
2.15316607947923
2.63814397976834
4.80770942477737
NaN
NaN
NaN
NaN
NaN
NaN
NaN
0.00758958572689837
0.109593998930465
0.614619037870421
0.716343144647639
0.0434917668723174
0.00484556801511805
0.00995873929379097
0.00590556218552886
NaN
NaN
NaN
NaN
0.202808000672913
0.643102663061086
0.889896080517206
0.681522116098406
NaN
1.17283282788642
NaN
NaN
NaN
NaN
NaN
0.0208539821242692
NaN
NaN
NaN
0.070736615155268
0.0745181870742037
0.316799920542291
0.382768018462106
0.102612995868196
0.452179770005837
NaN
NaN
NaN
NaN
0.807471853565509
0.243401540801107
0.0933346732765871
0.027073235966927
0.185329400413909
0.291092685622366
0.154418010548228
0.0655106195965964
NaN
NaN
NaN
NaN
NaN
NaN
NaN
NaN
NaN
NaN
NaN
0.033853279310805
NaN
NaN
NaN
NaN
NaN
NaN
NaN
0.00135977901336929
NaN
NaN
0.874265475634759
1.30019634888592
0.36410623024761
NaN
NaN
NaN
NaN
NaN
NaN
NaN
NaN
NaN
NaN
NaN
0.00297043004442766
NaN
NaN
0.0198733596871462
NaN
0.186872299478018
0.0176963328555768
NaN
NaN
NaN
NaN
NaN
NaN
NaN
NaN
NaN
0.0657950021404144
NaN
0.00350369110658023
0.0386926841038084
NaN
NaN
NaN
NaN
NaN
NaN
0.767322163183615
0.260578713485728
0.0624794546502173
0.263740790192233
0.247279130170481
0.0133328396579422
0.31626939189992
0.320173153921523
0.124572640661755
0.0426114410873791
NaN
NaN
NaN
NaN
NaN
NaN
NaN
NaN
NaN
NaN
0.0252685824439922
0.0570121439099703
NaN
NaN
NaN
NaN
NaN
NaN
NaN
NaN
NaN
0.118240338727345
NaN
NaN
NaN
NaN
NaN
NaN
NaN
NaN
0.010438553452532
0.291383807187546
0.158200742634951
0.164604203863506
0.0309685453865091
0.223452432636994
0.262843590777428
0.00780371851923128
0.060206647870605
0.458311488352782
0.416001271553932
0.0966284241204843
0.454560420911469
NaN
NaN
0.239413887072141
0.337898047079645
0.549477081319393
0.191532467372774
NaN
0.00401524945851249
NaN
NaN
NaN
0.00494451678802799
NaN
NaN
0.069785438733455
0.123589967635115
0.0619883526526913
NaN
0.0366750068593434
NaN
0.000791271171028035
0.0391681786324821
0.00397299362310777
0.378039568099657
0.202856985040346
0.243169467687749
0.307617933852057
0.455543070786407
0.160200939214174
0.897045024561254
1.40695636481418
0.781726482082085
0.419233748212201
1.73104196119594
0.0502564427051278
0.277147723290439
0.103733364041172
0.279434795779521
0.102877281555531
0.647123359663029
0.201949488412835
0.978170991068598
0.0482809390792881
0.0632736123101686
0.0180722703339803
0.277662876469112
0.653278404886357
0.0698207924783754
0.0349783071917041
0.233676384307177
0.624857227331572
0.154620952616638
0.0398972669903285
0.0460464877934227
0.0699060116820081
0.0990491316587206
0.147485515165805
0.11530445300086
0.606701115764301
0.561798523574605
0.268923942349233
0.0889466986540907
0.196733631091862
0.0692471519760649
0.0968153446085495
0.0369195410552302
0.00881330824505127
0.314635905040933
0.0185950675541464
0.147883107811607
0.0470239811103238
0.0612491624120436
0.141281244653045
0.154318485235394
0.054844482283268
0.00881612782520587
0.0397011818191585
0.261172312644512
0.217810577076424
0.237852048724741
0.582085979773407
0.623526912013405
0.00708627262606274
0.0134480299015761
0.258083964717074
0.025535688292034
0.0351822765864832
0.0398449415914066
0.0555736925719375
0.0566254997441317
0.0173687795866371
0.00923707088614055
0.0187496697618093
0.446403655647246
0.412036538255442
0.486737935653973
0.0979228031065243
0.102493106828623
0.0941395561797262
0.0897114633013776
0.103496373799166
0.045610933494197
0.0499458722676012
0.00766800316926673
0.0646685153830498
0.150569588236287
0.175346617224207
0.269234962245653
0.741211536283951
0.168364992350925
0.137243604219162
0.0931411022309817
0.0881524255930783
0.0178074677558963
0.0216919575781313
0.14234272020808
0.324290522190663
0.417565819544426
0.214928987502826
0.46894772439609
0.0577783550738122
0.226511076530522
0.382373454987814
0.1697096037525
0.430306136939687
0.355300108786026
0.0623398570844092
0.0826834462446562
NaN
NaN
0.193293494831867
NaN
NaN
NaN
NaN
NaN
NaN
NaN
NaN
NaN
NaN
NaN
NaN
NaN
NaN
NaN
NaN
NaN
NaN
0.598849531001849
0.14470499733996
0.0781741418755142
0.0200544339953994
0.0956203839851167
0.142382935600581
0.0174514869516521
0.200236884458772
0.404557841082201
0.0884265348362521
NaN
NaN
NaN
NaN
NaN
NaN
NaN
0.50313934368144
2.14437954509226
0.0281651555732178
NaN
NaN
NaN
NaN
NaN
NaN
NaN
NaN
NaN
NaN
NaN
NaN
NaN
NaN
NaN
NaN
NaN
NaN
0.914688316965361
0.207784163082548
0.147770231762347
0.13335516473901
0.0401694877321923
0.0014536853292906
0.0177349980230683
0.0296763077764709
0.0669880139077181
0.015665508729516
0.430101696113397
1.11323758221147
1.20382733875574
0.983087182836593
0.288086059540032
0.0782627516119739
0.0717182587188391
1.40930344989011
0.138683768973088
0.0521657552507558
0.0251323053663589
0.0328943481744871
0.209895832765532
0.0409295789660589
NaN
NaN
NaN
NaN
NaN
0.106056912924582
0.397313936994209
0.0222027074680606
0.331360145648419
0.18826471178423
0.182505457856669
0.443101261030124
0.0534156830669651
0.437424638853388
0.0999394760796538
0.0743532105639338
NaN
NaN
NaN
NaN
NaN
NaN
NaN
NaN
NaN
NaN
NaN
NaN
NaN
NaN
NaN
NaN
0.0114896631753991
0.087803588523721
0.150853448370025
0.204265794834092
0.0653934635725519
0.213837121661414
0.0967866441613489
0.028844422419154
0.038074583086415
0.456891407237524
0.823320630578166
0.139646489409781
0.0385707087586032
0.0214538528036448
0.0108642623252619
0.158396211563078
0.252709436652349
0.0182579730163564
0.0513083787074984
0.0312057738273838
0.0522526139993695
0.114239122773825
0.0482543826928115
0.0409833631932182
0.0242323762959126
0.123041504327295
0.560413254547261
0.132449843133725
0.816330037684817
0.168793482417539
0.0908046393042779
0.306007328469577
0.0150933301223926
0.104608309178539
0.316458467849141
0.217638432848168
0.149615908776949
0.142325483566395
0.100711813223996
NaN
NaN
0.0614690273318924
0.158034910293429
NaN
NaN
NaN
0.256112795334431
NaN
NaN
0.0891630067824149
NaN
NaN
NaN
NaN
4.82588938126704
4.54862805292383
3.87608263046968
6.60940766027855
4.67920689429469
7.09211560740523
3.71053758352511
2.90127026114203
3.53606505311827
2.92011218709331
0.29480963087307
4.52963837546972
2.82798719530047
0.113772631359701
1.89290331664081
2.22901724844767
4.46274397783679
0.208377589043975
0.00352282368429696
0.229275637091245
0.0276502252857017
0.196062082764601
1.40110404150152
0.0327644920437786
1.12604041873121
0.426844780308412
2.13991141435115
1.75235537436962
1.61183005003347
1.96678470875218
1.99932218699911
0.477568509916996
1.76248776611791
1.69484414456075
1.74931109766032
0.0631679170129716
0.659654683862434
0.655330270857611
0.883845437473703
0.00430054715646493
0.20748209306693
0.892513187717226
0.846000220472618
0.535727774277202
1.82854609373361
2.97971525808588
0.223363448226818
0.143966466587643
0.0505029049144882
0.0978560274314487
1.25726888232994
0.16599165427548
0.29720040081232
0.260378905807398
0.486476562102588
3.00426011216395
0.203050138608927
0.149853616567353
0.0443469711825361
0.229097851141723
0.22701974413273
0.0841875933994331
0.139831728587722
0.26118199959991
0.0628362337535717
0.356994195736698
0.33976336062842
0.424756108534518
0.929942337751327
0.0251541827180635
0.994442736316679
0.230972127916783
0.285982689981312
0.670203046989502
0.0169302840685356
0.118317875221522
0.188387118586992
0.147015149048274
0.349259057327423
0.298494967862605
1.16390861953069
0.97021422535319
0.95283976284911
2.37725520663201
2.36116416827888
1.22366998457074
0.708975555107761
1.50722429469685
1.017472292769
3.69390177207289
0.971277598772505
2.01090632287827
1.54985297597804
0.371279507386017
0.217567568481872
0.358010531270873
0.613996205537827
0.305407584263988
0.273505016418397
0.0918671751783482
0.211774878062834
0.834045031904156
0.609409633858427
0.600866895865329
0.201042924874821
0.455536026829351
0.1168896252776
0.233670768439545
0.185726012059691
0.0996396243824416
0.0635639074216226
0.0100842194242225
0.090030746268134
0.0832239332247912
0.151632729180754
0.0657447783723194
0.138552031745664
0.00879405027096641
0.0528044998454889
0.283406606540342
0.330028675585995
0.262640218917721
0.15278948806792
0.0483866330956074
0.232872881148913
NaN
NaN
NaN
NaN
0.329427321005945
0.24507831927706
NaN
NaN
NaN
NaN
NaN
NaN
NaN
NaN
7.01808879076187
2.16585648995839
4.75972315613572
3.16915329210285
5.08021381541497
1.26676738509633
10.4996802782252
9.06562632544339
6.73373716140726
5.80092189165138
4.53929098977811
17.4400607121623
2.96791502278146
2.04805587708067
1.34108747020537
7.29448463893825
NaN
0.044813353664425
NaN
NaN
0.108970751680678
0.114199275543797
0.0506744144664263
NaN
NaN
NaN
0.0279369788505047
0.212900040673085
0.300559040182428
0.828790238742975
0.0604282311769785
0.00847980975041311
0.604243088793317
0.332552663260069
NaN
0.0140141787624487
0.1803263893458
NaN
NaN
0.239184240377319
0.145630568615712
0.0555830377157415
0.0710553104380684
0.15369555228846
0.521880096072745
0.379312398182192
0.295410453288862
0.39149600175166
0.506941132855084
0.282995463343636
0.266290771946435
0.0513623763094398
0.161681794628028
0.103164279049875
0.0860664662315197
0.146138340555809
0.0770000459259374
0.0679750204287428
0.0305151944187232
0.132975056116173
0.245416840149659
0.202405671822895
0.181110612305091
0.0609938574424135
2.95128631153799e-05
0.218365752794571
0.0557427190564457
0.0638861180716252
0.0182516628810526
0.101786034878577
NaN
NaN
NaN
0.362665714952383
NaN
NaN
NaN
NaN
NaN
0.0522381065467032
0.0275986797605643
0.0108507011378627
NaN
0.0611197112626329
0.0558205999284829
0.0894914800022769
NaN
0.208351405273011
0.15091784884445
0.230164330130329
NaN
0.199382545182788
0.118198559735335
0.0898123236740016
NaN
0.102442155409228
NaN
NaN
NaN
NaN
NaN
0.109109745085674
0.0177674709415481
0.0995669225582878
0.165981176347656
0.119478060657572
0.182499430119152
0.163679449701526
0.0694620676211803
NaN
NaN
NaN
NaN
0.168464528151957
0.103483583347779
0.114918404887631
0.104358331190199
0.0258355934407011
NaN
NaN
NaN
NaN
NaN
NaN
NaN
NaN
NaN
NaN
NaN
NaN
NaN
NaN
NaN
NaN
NaN
NaN
NaN
NaN
NaN
NaN
NaN
NaN
NaN
NaN
NaN
NaN
NaN
NaN
NaN
NaN
NaN
NaN
NaN
NaN
NaN
NaN
NaN
NaN
NaN
NaN
NaN
NaN
NaN
NaN
14.1951260825058
38.8074566508604
9.26274859787807
25.7636056310137
21.3119592261625
17.475393334803
46.2307041804296
14.9617239508923
16.4717544611507
15.9862827870316
19.5554781178189
19.082782812059
24.7725096407571
11.5781920024358
5.70981085872756
3.81574631595216
6.5341899926992
7.08721121919342
7.18856137700778
9.29154204147195
4.11266147818671
0.0143785321570084
0.0374157657177879
0.0268715356791344
0.237222731358833
0.0297912449938418
0.0951171214013093
0.0189521539591706
0.193429595358724
0.0232307132209226
0.108461651011023
0.0412764278230945
0.037562624501523
0.159587217477111
0.332204975172069
0.128553269232761
0.131568345803294
0.256141466174238
0.072035251562311
0.305126080098812
0.0690240049127777
0.302050149849167
0.130017835851161
0.669893262217227
0.281755186369775
0.808373943760929
1.9031557076331
1.40228699970749
1.45741107109175
0.774528896365355
0.880442621189581
0.826868518551936
0.947662282980419
0.205093972468892
0.103780352937467
0.0272342506923274
0.169553227355952
1.51102246801363
1.68616662896587
1.12579597600222
0.522526924841501
0.0355274237648105
0.396862189722436
0.232788560270105
0.500612517557005
0.238418905284276
0.605491878384833
9.61406659798363e-06
0.0359725399734742
0.412704317946167
0.140345607402496
0.388379885073682
0.172886418308268
0.0749015751493635
0.475694021155862
2.40311529770297
2.37973752538022
3.6850039862676
2.72301613978832
2.81388319734153
0.433393519972917
0.216841086726952
0.561669600004893
0.101379152972686
0.34644090759871
0.250531999688428
0.705887167529908
0.378141196084757
0.00652571683184634
0.0784015611372491
0.0699478163224739
0.00723537966654474
0.174574017231979
0.807700403371707
0.250712153160148
0.0101124210004198
0.731769727556455
0.972351563816341
0.176446630565659
0.329696228567064
0.000111471027220617
0.740032000383423
0.50644648006305
1.37240568892889
0.00306222743279758
0.228870264380905
0.23577920513432
0.686884783588825
0.151784360615699
1.41741021846761
1.7097017459755
1.5602958354717
2.7510608791022
0.55194823636099
0.360742235564445
1.50580350807211
1.00146145669172
1.03605535982689
1.09136670941889
0.326195004520362
1.55770977983392
2.73231174643651
1.24343946642505
2.92633288449778
3.430037023411
0.0118308929562084
0.0325809573695293
0.0950170372526443
0.109281288952519
8.57838506128242e-05
0.0527267665157301
0.38607293054101
0.146700199777017
0.0985554428898342
0.156447131250719
0.0148274808992338
1.2813296088038
0.995981030931328
0.143560553078611
0.240397956286579
0.691552055805489
1.08575383565858
0.431185236718114
0.353746946455999
0.399192213963012
0.131880177315977
0.693389407029825
1.30202661030606
0.660316905762597
1.73059642708568
2.08078165981781
0.95006691199614
1.03552548749095
2.62874040106622
1.7935865357969
1.26397762865805
3.74100594840863
3.52448103830027
2.55542712472596
2.90376009620455
2.07625254821815
1.92205787538256
2.63181612554234
1.71440844951565
3.54328489803077
2.25329840533679
4.64099217646551
4.67620156835963
1.50658226951934
0.400669675496906
2.986152089702
1.85532085293846
1.03314230242487
0.769473248613977
1.93969514737468
6.44231975779065
4.78520365397285
2.48771556879349
6.12959725935202
0.726021507548209
0.422763902876199
1.14577029304939
2.64534863691768
5.15353843403828
0.412309022638395
0.297673473268051
0.00131105696397586
0.219121455821075
0.046799875061962
0.0928053013645748
0.0741090442489305
0.12795067900674
0.167949664666034
0.00228314892862619
0.0722539434648529
0.0801427472720719
0.647424600659869
0.589657981368637
0.841884881517708
1.66123209231302
1.88968029945661
2.37374487744081
0.673176870769357
0.943542421235738
1.27028410961042
1.32748773171485
1.04588045023508
1.11171745709005
0.303580150512795
0.254202107707312
0.371767664684688
0.453727808390757
0.504954651330801
1.00937498464574
1.32701891101389
1.86521427575554
1.95895979921695
0.517326232188291
0.676820659961466
1.2130700575454
1.26013586846576
0.0921514781403737
0.728361035443171
0.25426689034093
0.060456372221293
0.437847238916548
0.703962119622534
0.15510557420057
0.113545183867427
0.829828045775958
0.150365381922799
0.0393771972299003
0.144371507262021
0.175903623878909
0.0802185162833494
0.385736451093057
0.122434639875776
0.0218851999697506
0.00229010435756003
0.0403474770598773
0.0116212569947531
0.541019403193089
0.0564246471251425
0.0790404102808432
0.17240471164398
0.0198908486071639
0.145555717300596
0.3163979827311
0.000313161194079748
0.0280087030986923
0.170459260683254
0.107887636436116
0.0476296093099518
0.348159304672566
0.490969147639205
0.259794782837179
0.578782900462537
0.671625999763918
0.184275730210355
0.404640543356387
1.21315547899767
0.579740946292572
0.0800550239149481
0.335304443943257
1.04539296219715
1.02647540793572
0.984160838551554
1.4644944327416
1.8385376450233
2.61623159337913
0.97098911093719
0.404272422478885
0.144562962188959
0.126786462906024
0.0796423148757763
0.0931208253690106
0.000590864921670276
0.14928254662304
0.428593665338423
0.314193405101171
0.262756886911048
0.0707326573458781
0.156667385002797
0.0358626723374534
0.00243599695123073
0.0172645854518632
0.0520462046099012
0.0466069008775705
0.0335784570969156
0.358977718843232
0.201266248348946
0.0517687033685213
0.109984203262413
0.172908475423291
0.0897165803918534
1.2897160399678
1.50608568133835
0.925414570906019
0.641068091001621
0.356626475854459
0.274564817849343
0.0485686580480585
0.289850271645836
0.0687288209029669
0.0198829424943014
0.0867032890725633
0.243643450592453
0.147241281902284
0.0267494090373128
0.253458419208886
0.344659027230543
0.355064879185175
0.250135209295323
1.4016267511157
1.66514386007775
1.14614969144699
0.835046683998418
0.327641048822485
0.579306924393102
1.65784477138317
1.4977754946535
0.422446985941847
0.975573281073225
2.34135671795156
0.822711818167869
1.72240361149107
1.93048824465655
2.86493839216864
0.570357359075774
0.83980132630057
0.246956035263748
0.145349874900889
0.241862926551416
1.82360576141805
1.87430547164188
0.730877183081987
0.334454492614994
0.749374524371793
0.0644639727823954
0.158727491751235
0.266220542366369
0.238859029634401
0.0841669211274739
0.336470458125717
0.0654985624539955
0.0976683848263204
