0.575784
0.438277
0.659477
2.12462
1.67663
1.63395
1.50609
2.92735
5.13318
4.29704
3.11692
3.88986
3.47782
2.60227
2.37821
1.96314
1.03392
0.842361
0.667315
1.92783
3.74615
1.80671
-0.170634
-0.395636
0.592513
5.51637
4.13729
-2.74282
-4.30299
-1.51065
0.986517
0.35602
0.039446
0.584901
-0.783328
2.27805
1.61194
2.52036
2.9947
2.48792
4.6376
2.40724
2.08558
1.02596
2.71674
1.89037
1.44623
1.95291
4.79375
12.8005
5.10173
0.492916
0.886545
3.88373
1.5931
1.75229
3.3431
2.92713
1.972
3.01575
4.76155
4.42863
10.0608
3.79865
3.09718
6.39038
6.12501
7.83228
4.87261
7.63229
2.60618
12.8768
0.616305
1.48148
1.25319
1.82817
0.685639
-1.34052
-2.68615
-1.36948
-0.868763
-6.79012
-4.44984
-3.10652
-3.40601
-0.114076
-4.13786
-4.52021
-3.58312
-1.11502
-3.56839
-1.4348
2.0296
1.30212
0.777752
2.83941
-10.3091
-3.65521
3.4743
2.97346
0.830207
0.612473
13.3053
4.28923
5.66815
7.75064
7.71829
3.24297
2.56774
1.27003
1.2724
1.90176
-0.209241
-0.492142
-3.09036
40.1486
41.9461
0.17398
0.987294
0.0347641
-5.3954
-6.56876
-7.0908
-3.97152
-1.30596
-0.0881962
-2.05351
-4.02115
-0.679151
-3.83906
1.62789
4.47617
1.27153
2.05107
3.97481
0.940429
1.1005
2.15212
1.20937
0.157017
-1.48768
-1.33485
-0.0976033
-0.182775
-2.80757
-2.20784
-1.14399
-0.880846
-2.04427
3.30833
1.14803
8.30923
9.09073
-0.358566
-0.584706
2.15838
21.456
1.73574
-0.886277
1.735
-4.49867
-0.570384
8.32595
-2.5774
-2.48657
3.57897
4.9884
4.38024
4.87423
0.565878
0.920003
2.61746
5.39843
3.87278
5.45858
5.49079
6.41952
5.4944
3.32734
5.42318
-0.455416
0.648586
0.56812
-0.417077
-1.84893
6.73091
3.54747
2.1019
-0.455523
-1.30991
-4.01059
-4.80477
-2.07346
-3.15304
-2.28782
-3.46344
-1.06085
-3.10874
-2.60794
-3.1026
-4.12325
17.6907
7.62204
-0.370541
-2.67594
-2.52501
-3.6358
-2.4782
0.063889
-0.537473
0.0416946
-4.00329
-2.33566
-1.66489
-1.07689
-1.02175
-4.21165
-1.75354
-5.73916
-2.13567
-2.29732
-1.42633
-2.31537
-1.35367
-1.03435
-0.0439942
-0.309862
-0.489345
-0.500367
0.263003
0.616664
0.640473
-1.56109
-0.766113
1.64736
-0.171826
0.568297
-2.93312
-4.01074
-3.34589
-0.654444
-0.908194
-0.191535
-0.00675612
0.30949
-0.0305862
-0.419402
-0.552762
-0.600474
-0.00928863
-0.0513431
2.91149
1.79121
-0.624446
2.20464
4.94932
2.45512
2.33894
0.390328
0.934115
10.2635
2.50999
1.71458
0.47553
1.21797
2.80948
3.74754
0.512914
1.11033
0.0421448
1.94535
1.11802
1.40942
0.574154
0.853607
1.81414
0.0199452
-0.197823
0.312503
0.0796206
0.227665
1.25156
0.511107
0.555466
1.51947
0.613176
2.62657
2.4157
7.33507
4.685
-0.33325
-1.64405
0.945381
0.986214
1.84764
0.91622
3.82031
2.0756
0.971124
-1.24303
-3.66958
-1.81936
-0.160828
-1.73201
-1.08803
0.360717
-0.0241941
-0.174312
-0.135773
-0.0283563
0.274876
4.4776
-0.0127255
3.74977
0.744097
0.0920058
-0.0765331
0.159809
-0.0147239
-0.0793355
-0.658182
-0.929587
-0.346058
-0.543125
0.58817
2.78612
0.689089
2.52263
-2.31913
2.75288
1.15475
-0.636867
1.34402
1.37204
0.642377
0.301659
0.14884
2.35697
1.14302
3.93902
-0.320185
1.14494
1.68478
4.94834
3.18883
33.6952
2.14659
1.40332
0.133716
0.320704
45.6445
16.0369
16.4299
28.9447
33.9972
38.6305
35.1331
36.0575
23.6044
40.773
40.9818
63.5962
34.8182
46.272
38.866
49.737
2.27707
0.480278
-0.731879
0.210574
0.0641556
-0.501619
-0.490561
-0.533844
-0.274474
-0.75644
1.2761
-1.3511
-5.13096
-5.74925
4.17899
6.90695
5.34771
2.45679
2.07812
-1.36341
-0.555434
-1.43534
-1.38844
-2.96095
-4.05198
-5.76787
-4.26066
1.38156
-3.92417
-3.87587
2.00848
-0.983745
-1.25126
0.0437792
1.17871
1.02901
0.785723
0.940753
0.227416
0.172271
0.738927
-0.919555
-0.597539
-8.17053
-8.56515
-1.77622
-2.57886
-2.026
-7.27008
-4.46073
-8.67559
-2.19975
-2.23569
-0.132784
-0.695904
-1.09494
1.15748
3.45073
4.75961
1.66922
2.6745
3.19296
6.68335
8.46911
3.95303
7.32906
11.4281
7.2632
7.89669
2.79255
5.00834
4.25001
0.304466
0.799468
0.839363
-0.00114507
-0.969017
-0.839953
-0.338785
-0.771216
-2.19096
-1.37267
9.40586
0.479508
-1.5163
-1.46075
1.04951
0.987985
1.37062
1.21037
0.668326
-1.16128
-1.60996
-4.42368
-5.04814
-2.94689
-2.86034
-3.79125
0.137289
4.29417
1.24633
-0.630459
-1.34432
-3.52841
-4.18331
-3.28285
-3.55445
-1.6198
-4.76329
-3.32398
-1.33603
-4.46529
-2.79395
-3.62818
-4.1735
-4.72878
-1.33062
-2.91227
-2.57097
-1.35733
-2.0663
-0.96289
-2.5145
-2.447
-2.62778
-1.01113
-0.653035
-0.549195
-2.28547
-1.72655
-2.92754
-1.2085
-0.857979
-0.710396
-0.785561
-0.0264437
0.011341
0.0933179
0.102667
1.05173
1.75221
0.0756176
-0.410028
5.33068
10.382
-1.33549
-0.0475641
0.360769
-0.213723
-0.87772
-0.261026
-1.41169
-0.878005
-1.01088
-8.62917
-5.97752
-5.89604
-4.41286
-5.69051
-5.12257
-3.9219
0.384577
-0.416767
0.67457
-0.142696
-0.523129
-0.101733
-0.269889
-0.170214
-0.129963
0.321068
0.0426716
0.0761696
35.0554
14.3323
9.43707
7.72388
-0.100501
-0.0253524
1.01378
0.460826
-0.0455478
1.13068
0.412286
0.952514
0.295266
0.406396
0.613644
0.468074
-0.002284
0.0426832
0.152073
0.31019
0.623209
-0.101332
0.438979
1.95791
0.926212
0.18009
0.04277
1.36267
0.980338
1.05833
3.10525
4.73199
2.82013
6.54095
6.51342
3.15115
0.00297335
-0.00879682
0.0106828
0.00852716
-0.0300554
-0.0110831
0.0363294
0.0412175
0.0646875
0.0598618
0.108051
0.073976
0.341649
0.239291
0.151749
0.0548955
0.297702
0.755272
0.52425
0.569381
0.589026
0.399602
0.678624
0.462725
0.606503
0.900069
0.549245
0.160769
0.612841
0.655289
0.856393
9.60711
1.90883
2.20622
5.99727
47.8363
55.5462
46.4201
13.6476
16.8929
3.28024
6.6499
4.89928
17.0212
13.422
13.3806
7.85608
4.60251
6.01864
10.3824
4.68935
1.49582
2.22209
1.26697
12.5501
11.0725
1.83906
10.7762
4.68493
3.47345
10.6416
8.17286
11.2191
15.8704
14.6717
14.499
10.3947
10.3643
4.72634
4.89612
1.72251
4.95432
1.23848
1.46041
2.02465
0.844234
6.02497
3.51149
1.93517
4.38884
6.93093
0.729368
1.67004
4.93618
4.40662
7.69336
0.186613
3.18865
5.40883
0.987122
-0.977007
4.01883
4.94922
5.39546
7.79021
1.65048
2.83103
2.82016
1.32774
3.70878
4.39723
2.93679
1.7309
1.78685
4.85095
6.86992
5.38583
10.1116
3.12125
7.04601
0.585083
6.30107
4.82082
4.28191
9.13649
12.9967
5.03811
42.9757
24.0559
11.6284
11.9705
13.2151
10.4513
15.6526
15.187
13.7649
16.028
11.6168
17.506
0.389459
4.90383
8.33157
2.57128
11.7175
-1.36297
11.4105
12.9244
9.47636
0.465967
7.10082
8.02827
6.85277
7.68323
4.64789
17.2212
6.26032
8.58151
12.2582
6.16364
11.1102
7.61431
1.55092
4.95618
3.58982
3.92453
5.46969
2.19793
1.88942
1.26102
0.766728
0.759048
0.652731
1.3242
1.5708
1.61374
16.6548
9.37904
0.683464
3.18249
-0.28568
0.479891
0.52893
0.587163
2.47702
0.991719
-0.336164
4.45274
0.582149
0.607377
3.68117
0.552798
-0.0550605
1.6865
2.59182
1.79053
5.77692
2.90605
2.23922
-0.322593
-0.0558254
1.58347
0.387927
-1.23155
-0.832831
-0.944338
0.120891
-0.496241
-0.0160083
0.706992
-0.819147
-0.557716
-0.142806
1.46173
12.4722
14.1799
21.0142
4.51209
0.279237
0.887877
0.797176
1.11293
0.357051
0.971156
0.0372012
1.78779
1.18549
0.899919
1.10052
1.274
0.896828
1.29663
1.51399
0.444338
3.70769
3.24603
0.858659
0.185622
2.04757
0.529548
1.25786
2.26236
1.17726
0.0969317
1.27942
3.04245
7.17373
1.45449
1.88652
3.90586
1.90268
1.31554
2.14645
1.79454
2.13506
0.777074
1.45472
1.9582
1.95545
1.12713
1.3345
1.10697
1.25231
2.02156
3.78327
2.65755
1.1958
1.39187
1.32211
2.07921
1.48451
1.67689
1.76724
1.76448
0.90321
1.68435
2.07138
1.89812
2.28452
2.45579
3.03845
3.03568
5.01649
5.1355
5.4476
8.61462
8.50823
6.59629
10.5794
5.44174
4.09537
19.3055
7.78959
11.4977
20.3266
11.3489
7.51835
3.06778
0.91948
1.23501
0.342197
3.33229
6.40061
1.82192
-0.296764
0.559585
6.01542
9.36613
-1.05058
6.72346
1.62302
-0.169847
-1.09262
0.40152
0.334052
-0.721129
6.47386
-0.142761
-0.300454
1.70894
-1.67336
3.19872
0.278597
4.42916
-0.321185
-0.739968
1.38286
-0.629949
1.20337
-0.613091
-1.39121
-2.81443
0.699429
-0.383846
0.980586
0.833888
1.46157
2.45575
-0.974063
4.75764
-2.08182
4.43397
1.73622
4.01641
1.37869
6.40017
1.35735
1.63225
1.70725
1.05086
-0.941286
0.32683
0.721346
0.987795
1.27198
0.146262
0.253444
-0.269808
-0.741313
-0.133329
0.210062
-0.130672
8.15741
2.19634
14.4946
2.07295
0.718876
2.13329
1.10621
1.48509
-0.090604
2.83324
0.137382
1.03181
1.17955
3.21558
2.3609
2.2426
0.677796
0.795997
1.82196
2.01847
6.24775
3.18766
2.45566
2.2767
2.96952
2.70801
6.19233
7.90893
4.94624
8.15232
2.86649
5.42532
2.4658
11.8008
1.43432
7.49499
12.8101
6.45646
6.34369
6.23029
9.5984
8.03422
7.06319
8.25564
2.50348
5.09963
13.2957
2.09913
2.52516
2.12355
2.58752
1.26504
2.54617
1.72986
5.24367
3.1063
4.18976
1.09242
1.96623
2.91443
20.6569
6.94761
2.32714
0.577772
-0.31991
-0.700522
0.520059
2.3316
0.705907
0.547949
0.319676
0.893351
1.00156
3.83034
1.56467
2.55513
0.949497
1.59463
3.87032
11.3033
4.81048
3.39215
0.348746
3.99206
0.946121
0.978502
3.56249
3.80223
5.04768
4.00776
1.12267
2.1659
1.71156
1.38765
0.0102455
1.7204
4.54204
5.6869
5.23802
2.06083
2.13395
1.68481
1.05771
3.84157
1.81417
2.00269
0.318979
1.60999
1.72653
1.8606
4.24118
2.95714
3.03524
3.63491
3.35955
3.83761
3.85784
2.35371
3.42789
3.73418
3.91898
6.11101
3.12879
5.3475
12.1272
4.59724
8.12021
7.95107
4.48083
4.43281
4.87258
6.74797
5.65987
4.94591
7.49761
5.25336
5.93751
12.1773
14.4686
12.8937
13.406
4.78968
4.49819
14.3169
13.0171
8.18947
5.92915
4.94908
3.64788
1.70313
1.15491
6.59063
2.70075
1.44692
1.25701
-0.0491334
-0.23056
1.08482
-0.336149
3.02966
1.22005
6.27533
7.31503
5.26809
4.25829
5.14063
5.27123
10.3987
3.8403
7.2825
4.94522
3.38668
1.90692
3.59194
4.43526
10.4843
12.3604
2.66897
8.49362
1.95229
7.89609
11.9693
8.06255
6.97875
13.4456
14.4753
12.6565
7.97585
17.204
7.87735
7.16854
10.3609
14.0419
14.8914
5.42587
5.41125
8.56225
13.1178
12.8385
28.3928
21.4796
8.60016
10.7908
25.8851
14.6715
12.2597
2.85725
1.2348
0.562956
4.00116
7.85288
4.59983
-3.10663
15.0585
12.7248
14.9584
9.81092
14.9168
11.1126
12.6828
10.3828
11.696
13.8717
12.9832
8.15722
19.2632
12.5532
13.0166
9.92443
12.1957
15.0806
12.9987
25.5313
21.0707
19.8076
17.557
12.4783
4.98201
4.57146
11.8528
28.5241
35.0237
36.6864
17.1177
25.7529
9.68686
13.0227
20.2674
7.30829
8.47189
2.41591
4.2769
11.7319
15.153
17.1417
13.2246
5.56908
3.93862
4.56378
8.47088
9.27362
5.12113
13.3049
9.75107
33.3386
28.6938
18.921
26.3054
8.5686
18.1302
12.2148
16.93
16.2742
22.3359
66.6124
95.7502
20.9813
22.7826
55.7208
49.8524
17.1334
30.7684
47.686
77.5932
35.4389
27.5232
29.7091
5.11022
5.34587
7.62606
9.27426
6.74627
3.33393
7.03148
2.83498
4.24833
2.75718
1.36706
2.84583
2.15027
3.23976
6.99154
6.15468
8.90747
7.68496
7.85759
36.9779
7.54755
13.535
17.6564
33.8442
17.7121
52.3836
48.3542
35.5418
51.3798
48.1176
19.0896
36.0828
13.0445
38.3429
51.395
63.4737
79.4258
33.2137
100.493
27.9182
52.6518
27.8154
54.9977
90.0763
57.028
58.3588
97.9179
89.7542
117.099
52.3141
66.9828
77.0164
147.115
0.262782
0.124744
0.245744
0.369576
0.611399
1.04126
-0.598557
-0.19
4.2841
5.88012
5.75434
5.6245
6.46374
6.30137
4.2649
5.92939
6.23099
4.96696
3.81646
7.0393
42.2633
20.6531
9.3918
5.7406
3.23239
14.2588
15.7903
21.2325
11.7057
12.7569
29.4974
24.1295
82.7211
14.033
22.3771
28.8361
51.8507
44.6382
55.7137
21.7631
9.65454
20.2173
9.03764
19.1233
10.2311
17.4244
25.8904
35.5746
20.3866
11.3604
21.5936
4.9055
10.2538
9.19306
7.81855
12.6102
24.2427
21.8277
11.3685
19.7434
16.5199
24.1362
36.3925
20.7753
10.6263
8.52893
6.19362
15.7848
8.19743
20.8305
37.7755
19.2627
13.2453
34.245
33.5427
26.0983
30.5912
50.7441
23.4291
60.0079
55.3225
32.552
27.3156
54.1122
73.2918
75.1868
98.7034
57.1697
39.7469
58.8867
69.1917
87.1296
66.7964
71.2923
41.4699
25.0786
9.58928
9.52599
15.7097
8.23715
12.7237
9.06302
13.5681
31.6473
43.7205
24.1654
16.6627
15.1665
30.4553
21.3743
12.3813
10.0871
6.73339
6.06654
2.57238
5.37718
8.60361
4.14556
18.3723
7.1349
28.7258
16.3749
29.2192
36.4495
37.7896
4.4295
3.43694
6.46766
8.85308
7.22357
13.3052
5.07151
18.1179
19.4424
3.99193
5.38553
7.57557
9.78236
5.70053
9.42904
3.63962
2.78485
12.8953
7.71532
17.8436
26.0819
25.875
6.09824
11.3125
15.9232
7.08044
33.7292
13.8448
26.7421
38.7407
39.6208
72.9268
19.8439
14.6944
13.9528
16.9201
12.6119
20.3039
29.5644
35.1406
11.7605
27.2554
39.6761
53.8973
32.4636
22.9486
16.236
43.0204
45.508
52.2652
53.0002
109.78
65.0722
55.0486
27.2083
32.2021
25.5899
35.3766
36.1066
43.0583
70.656
72.7256
19.8518
12.072
18
25.5891
19.389
10.8574
9.55586
12.4614
13.7256
5.74908
12.8961
7.29017
17.3452
15.1274
19.187
8.59604
19.8942
15.4446
20.2712
15.4848
24.009
19.6608
24.7752
18.2887
32.0295
25.1841
17.6873
18.6865
48.8165
65.0709
52.2988
18.6685
43.0657
28.2019
41.5364
47.5573
26.4286
21.8366
21.4598
17.3161
23.8865
22.8043
46.9688
27.8299
24.0261
31.1663
33.0249
19.9184
31.5703
1.66161
2.56814
6.70311
10.4342
2.6628
21.8411
18.5838
6.47509
4.94208
5.3333
8.18192
6.49704
4.32486
1.54675
2.82324
3.34217
10.5088
2.81581
5.48633
6.71371
12.0016
10.1716
5.76995
20.4727
10.0016
13.8485
20.6835
36.4906
44.1273
24.0662
16.4852
49.4353
25.4578
24.1916
35.6942
31.1496
21.9214
38.8491
32.3763
21.4474
25.084
29.3638
43.3382
64.5772
20.4072
-6.01389
0.778036
-0.869122
1.26615
0.624469
-0.0264205
-0.00844958
0.355588
0.781862
0.712143
0.75054
1.24693
0.280253
0.374117
0.751572
2.41037
1.55725
3.41046
4.17034
5.23403
12.0544
-2.61439
-2.23512
1.58151
6.10502
-4.31159
34.2875
116.836
54.9366
-0.185535
-1.42885
2.68076
2.96568
1.21923
-1.90432
-1.93392
2.84109
4.75223
5.5531
4.31014
2.64829
-0.551864
-0.56154
-0.111402
3.97594
8.36799
4.81803
17.8668
19.1915
63.4883
8.89789
5.36893
4.30985
4.89188
4.91185
7.11979
6.19537
2.63346
7.27885
7.32847
4.41673
28.8703
21.0883
1.70944
3.43419
5.65831
10.6363
4.42864
15.6001
6.1742
12.3548
20.4525
31.6002
12.8525
20.551
14.0495
10.1329
13.5386
20.0938
69.7883
39.9725
22.0495
34.1307
12.7868
4.66628
37.7433
37.2836
39.6319
24.5875
44.5175
4.34423
2.57575
2.63994
5.00019
3.43981
1.78268
1.45604
-0.814625
4.7147
1.37086
1.55695
20.9616
23.0107
25.1399
36.4936
18.3623
15.1567
31.9282
40.2508
26.3368
34.3293
27.9293
12.0269
2.25623
1.1095
-0.425618
-1.11779
0.47873
2.40085
0.684805
-0.971002
0.946373
1.35008
1.17954
1.12659
41.9651
45.1399
54.6987
59.3162
35.9016
7.05283
12.9523
21.775
11.4855
8.61632
10.1881
12.8985
8.05472
10.4365
11.9213
9.45808
85.7239
21.0434
32.0721
40.5453
21.5278
47.1012
59.4487
25.8601
23.269
6.99645
19.5828
37.13
36.5378
53.9552
84.732
9.36277
3.0784
-0.281938
-0.150661
1.89632
32.4856
55.5512
7.46146
6.28678
0.960003
2.58683
16.0497
12.0206
4.57522
-1.46002
7.62225
1.59168
0.326781
1.11631
23.763
108.503
24.5165
0.761427
-2.01636
-2.48325
1.85271
2.56365
-4.1271
0.312471
2.47259
2.54032
1.37713
3.5084
2.80426
12.2586
3.4306
3.45349
1.80638
2.07591
3.65171
2.13478
3.14254
1.42768
1.95746
-0.0213352
0.089183
0.448496
0.732437
2.37032
2.89621
1.3456
2.65795
2.73559
17.2557
15.0997
4.28029
21.0614
5.85104
1.58201
1.43792
0.67236
1.8396
4.6384
2.65407
1.56273
4.09917
85.4637
9.06932
9.339
28.9324
7.05598
5.24786
5.40955
6.62041
26.1324
4.42842
4.23041
2.36375
3.00387
4.30782
1.94699
1.90525
2.75381
5.67784
2.5653
1.64667
2.07378
5.41777
3.34776
-0.882726
4.98786
3.51692
2.37257
0.407088
5.33808
3.68354
10.1316
5.2777
5.67941
4.55233
9.06229
9.44041
8.40662
8.77209
9.70343
6.05771
2.3491
3.24584
2.56319
3.99054
6.63027
17.2891
10.0164
9.97999
6.74656
10.9997
4.76327
9.76254
6.64902
-2.66262
-0.998901
-1.02667
4.77915
1.74517
1.98649
4.03836
43.9024
43.8556
19.0251
20.1183
26.1072
12.6127
12.8589
15.7986
16.7938
24.634
13.2406
45.3439
22.641
23.8215
26.5331
21.7399
3.59752
5.34002
2.23616
2.81899
4.06059
1.71457
2.38511
1.7656
0.0779512
0.567472
15.5141
17.8519
-2.43034
5.63481
4.70454
7.9093
3.17618
5.09544
-0.853564
1.28681
0.763199
3.30023
4.90412
2.13586
24.5718
11.5309
8.34301
6.17572
3.74072
5.71609
1.03682
-2.4616
0.799456
3.24812
3.25442
3.84558
5.36032
10.334
1.59933
1.38052
3.99964
6.04019
7.35349
4.47719
0.33659
0.667163
4.33429
-0.864943
2.8281
8.78228
8.28861
9.56118
10.6454
9.0015
9.77256
52.4403
111.687
7.88581
7.02485
7.4573
5.00853
3.31922
0.776568
-0.230412
-0.229585
-0.280727
-1.65031
0.936102
1.14256
-0.239357
0.501436
4.55664
1.50457
0.732024
0.285778
6.60576
4.67199
1.12668
2.17943
0.714715
-1.22363
4.41479
5.32548
2.51025
0.126041
4.85177
1.35933
-1.62954
18.2008
11.422
19.2787
4.08298
3.41514
1.67657
2.39565
0.652445
1.61608
1.39495
2.06061
2.73232
3.38862
3.32241
3.09441
3.3265
1.34425
1.00603
4.74772
3.1453
2.00106
1.29112
2.30742
3.19698
3.43312
1.17079
3.73222
5.16982
5.66632
9.17283
4.04116
4.10318
3.42015
3.1223
3.93617
2.74092
2.78551
4.39487
5.18324
4.32129
5.76324
1.71667
1.81839
1.91441
2.52887
1.38157
3.6292
3.23017
1.32668
0.285657
1.21635
8.88768
11.4683
7.75138
9.56046
13.3277
10.1765
11.0581
12.8658
10.8674
11.2651
11.6407
12.3475
10.6948
10.4316
5.67015
17.9539
1.67784
2.6815
10.1183
2.59443
1.74217
1.06729
1.5519
1.01551
0.797958
0.962416
0.532749
0.726041
0.14656
0.275883
1.455
0.305729
0.189393
2.132
0.346631
3.31086
0.943918
8.67635
10.2989
3.33219
6.55547
5.39782
1.63285
0.326737
-1.36718
-0.414276
-3.26381
4.12814
4.28611
0.961542
0.289404
0.71395
4.58715
1.35597
2.27829
3.92353
0.626576
1.52605
5.67301
2.69071
3.31413
0.611851
0.3245
0.426609
1.26725
1.35385
0.528147
1.13234
-0.0968168
0.0569316
-0.286194
0.183811
0.221126
0.676683
1.95464
7.69844
2.82912
11.764
16.6419
5.06337
3.43607
13.3175
3.52049
13.233
14.6853
0.191583
13.4908
1.21735
1.68938
10.7979
0.251586
2.84115
0.0789446
1.16108
3.11327
0.184993
1.5272
-0.717134
-0.477298
0.168678
-0.757748
0.357289
-0.234435
0.242657
1.60525
0.389906
2.06909
0.180121
0.252882
0.263851
0.185603
-0.042553
0.244775
0.552142
1.64686
1.43365
1.42991
2.06203
3.37982
0.722452
3.66217
2.40342
4.02189
3.16092
4.34626
2.55495
3.31196
2.01651
0.551879
3.11584
23.2207
19.2437
7.84964
6.77617
18.2232
63.2348
5.26539
66.4415
-0.209178
0.604015
0.140085
0.293964
0.210568
0.316651
0.602138
0.426688
0.140878
0.340991
0.099743
-0.532948
-0.141322
-0.0790527
-4.19264
0.256995
0.381137
-1.27296
-0.09454
1.23278
-0.0270245
0.172607
-0.0483975
0.688694
-1.07893
-0.299639
0.519126
0.351564
-0.256918
0.217362
-0.0214399
0.113434
-0.0695005
-0.0833868
0.0290175
-0.294343
0.265103
-0.0106679
0.240923
0.00457674
0.33812
0.306115
0.301513
0.180314
0.20462
0.429658
0.175141
-0.0853992
-0.145617
0.455689
0.810552
-0.0962493
0.154951
0.0470425
0.711497
0.44187
0.385574
-0.073229
-0.200213
1.91247
1.30077
6.72892
0.893957
-0.00793386
0.362555
0.815548
0.35231
2.35646
-0.299572
0.692229
0.601975
2.93578
0.154462
-3.707
0.972024
2.48593
-0.0156716
-0.101022
-0.442466
1.64469
-0.890138
0.228492
0.518095
0.215533
-1.42531
-0.595255
-0.173438
0.0262208
0.141596
0.180178
0.225238
0.0283084
0.141703
0.0952373
0.308445
0.273134
0.114562
1.25347
0.939337
0.76009
3.80289
0.980799
0.549048
1.09109
2.25883
3.83331
8.77984
22.5588
17.1802
16.3185
16.96
6.15143
13.3523
1.14054
0.452458
1.05011
1.35635
2.62615
4.23858
4.55229
0.651618
0.797408
5.31495
-0.372269
-0.304781
-0.432524
0.900568
-0.0442436
1.78339
2.51954
7.40739
10.7143
2.50494
-0.0747958
-0.963304
1.02378
2.3536
2.7441
1.54003
-0.0305935
1.41023
0.49754
7.16224
0.524053
0.405603
-0.0158239
-0.0821331
-0.108864
-0.082498
0.00966379
-0.025678
1.506
4.89091
10.2955
2.32
11.2384
8.27944
6.27216
11.1558
15.7845
0.880503
5.08007
3.21768
0.899438
3.01992
-0.208328
0.77674
0.207921
2.56365
1.19818
0.31615
-2.25044
-0.469512
-0.109557
1.38404
3.97146
0.80285
0.509974
0.834969
2.39508
0.459277
0.551612
0.786196
0.62576
-0.0539667
0.281452
1.45831
0.614994
-0.518102
-0.788814
-0.16858
0.241159
0.421352
0.394919
0.557667
-0.348806
1.60975
-0.435876
0.032811
0.776119
0.499819
1.02717
0.857947
0.531299
1.18442
0.229118
8.76845
-0.26534
0.2851
1.58334
0.851844
-0.336885
5.04674
-0.710238
0.363575
-0.721035
0.752707
0.952806
1.68157
1.31342
0.356308
0.231312
0.259331
0.411137
1.65842
2.64814
2.2558
2.7828
-5.54279
-3.08137
2.95421
-0.0588575
5.39471
-0.847155
-0.67365
-0.804472
0.902187
0.212004
0.195871
0.122082
-0.0157534
-0.233532
0.399322
-0.557961
0.478476
-1.09916
12.9405
0.14131
0.0176801
0.197495
0.520251
-0.456467
-1.58204
-0.22777
0.0142679
-0.00031113
0.0397612
-0.488367
0.46207
-0.202338
-0.218074
0.213909
0.342257
0.419444
0.111744
0.272367
-0.128651
0.331617
-0.416821
0.146702
-0.526199
-0.809679
2.46771
-1.37862
1.29085
6.81791
-4.83499
0.582246
2.19027
3.07321
4.03319
1.31348
4.7924
1.95738
0.849668
-0.0986749
4.33757
-5.09951
-1.16698
-1.74445
8.03853
-0.809263
-0.0361591
0.657483
0.759985
1.70447
2.15461
1.5415
10.8079
5.37005
5.52212
3.77829
3.98711
1.97131
0.592305
0.779251
0.111253
2.60408
6.89808
3.70192
2.14375
0.365082
-0.379379
-0.151164
-0.416275
-0.315637
-0.374003
-0.367886
0.576815
-0.0638633
-1.12018
-0.445364
0.941046
29.3441
11.0455
9.00237
5.25645
5.56472
6.1211
6.26041
7.79461
6.42922
3.22451
0.316227
1.73699
2.77537
2.77731
4.25094
8.47552
10.4607
1.53906
0.572781
-0.656378
0.356365
0.403554
0.722105
0.902401
0.655139
0.828438
0.242668
0.18657
0.115156
0.125731
-0.00353597
0.568199
-1.32518
-4.0579
2.53238
7.02088
1.48196
3.14014
0.830921
-0.488255
18.3588
6.60745
4.901
1.88242
3.56808
2.04833
6.42073
1.99192
0.655682
1.40195
1.50274
0.97709
0.446304
0.993193
0.100439
0.997546
0.829642
1.02659
0.549446
0.399047
0.659555
1.44091
1.28351
1.19184
2.02081
0.426365
1.8503
5.52648
8.46269
3.6972
-7.86979
-1.87959
0.606328
5.36792
2.78926
2.6607
1.33743
5.09794
2.89589
6.54679
20.017
9.51591
1.95412
5.1928
3.61752
2.89494
12.9344
15.5188
13.3207
23.4929
16.1239
2.1328
3.26278
7.90344
6.25379
3.27675
2.98115
2.44106
1.45562
1.22559
6.17956
5.12494
8.72108
2.64423
1.03876
2.22795
2.46792
1.59226
2.02494
0.269955
0.0683205
-0.948494
-0.690444
-0.465656
0.222282
-0.316446
-0.150733
0.0378843
-0.802398
-1.44466
-0.504703
1.15795
1.79795
0.180527
-1.37625
-3.43658
-4.77603
-2.15707
2.56334
-0.023013
2.39247
1.26884
0.480151
0.195112
0.5329
0.0341549
-0.412704
0.424132
-1.12234
5.2595
-0.509973
-0.0886129
-1.18861
1.01493
7.46974
1.74482
-1.58661
-1.55955
-0.710295
-0.3346
-0.1853
0.0132565
0.124884
0.295266
-0.463856
-0.563992
-0.412494
-0.0466994
-0.624325
0.131112
0.0632307
-0.0483098
-0.177846
-1.42535
-0.554053
-0.277131
-1.08692
0.594349
1.15668
0.25173
0.0929965
-0.121119
-0.31791
0.78206
0.180094
0.0198904
0.405023
0.532145
0.213419
0.10593
-0.00799689
-0.122685
0.10739
0.111772
0.0183509
0.102139
0.155437
1.24724
1.5878
2.30078
-0.0524747
-0.459836
0.0514969
-1.38191
-0.73132
-0.860733
-0.63163
0.948837
1.36111
0.433298
0.37161
-0.602539
0.141029
0.3517
-0.560792
0.129891
0.320542
-0.518337
0.123773
0.297128
-0.500065
0.125955
0.356554
-0.64753
0.184851
0.544871
-1.02977
0.281978
0.794945
-1.42038
0.378074
1.02762
-1.77232
0.436247
1.13103
-1.81703
0.393473
0.890689
-1.26937
0.261633
0.554726
-0.71514
-1.0896
0.246821
0.592912
-0.948553
0.223524
0.542914
-0.841513
0.217313
0.512569
-0.776775
0.174787
0.414296
-0.719627
0.173238
0.406857
0.298876
0.728405
-2.29384
0.552203
0.595553
0.592397
0.233708
1.40716
-0.970822
0.233708
0.595553
-0.970822
0.336281
0.905518
-0.970822
0.233708
5.51441
4.61025
0.112005
1.15779
1.60983
9.70395
15.8116
4.81774
-0.558313
0.291039
0.597131
-0.962043
-1.97135
-4.31615
-2.39122
-1.49895
-2.65304
-2.16123
-1.72038
-1.78285
-1.62443
10.6778
-0.00831965
-0.37398
0.423834
0.371377
0.524116
0.730672
3.16393
0.156167
1.19114
4.14132
2.20094
10.4511
1.86479
2.5139
1.45468
10.5332
13.828
11.9471
10.8049
13.4824
11.6202
10.3949
13.1359
10.9229
9.34132
10.9511
8.70374
7.11109
7.69581
6.18104
5.07714
6.30832
5.38566
4.8293
7.4372
7.62647
7.99733
11.4406
11.1072
11.5885
51.3109
152.21
149.101
122.863
183.697
162.216
134.51
0.225367
1.35379
0.96871
0.825342
0.392908
1.01606
0.37552
0.262536
0.241487
0.215619
0.95897
-2.67673
-2.19393
-3.38646
-1.35366
10.0624
7.47044
0.902546
6.02173
-0.539114
0.536212
0.177819
0.257034
0.523197
-0.0890793
0.0521974
-0.0768903
-0.490203
-0.0745192
-0.0696907
-0.854342
-0.415247
-0.280467
-0.0298528
0.455702
0.612096
0.774351
0.876055
-0.0758495
-1.3358
-0.0709993
5.03673
0.811086
-0.215701
0.0752827
0.848989
0.335127
0.288044
0.301343
0.210871
1.28294
1.05104
2.52475
-1.86986
-0.488098
0.168892
0.041996
-0.152918
0.154929
-0.163444
-0.0491127
0.35744
0.138186
0.0500889
0.399922
0.0650257
21.8788
20.0602
25.596
40.5212
57.6915
34.316
9.47543
1.89802
2.0418
1.25273
13.5382
6.55351
5.22051
0.829684
0.837504
-0.191147
-0.0216
0.318497
0.147882
-0.114344
-0.0551531
-0.0135751
0.687672
-0.781446
19.7711
0.418723
0.231748
-1.05227
-1.19733
-1.99914
-0.650358
-0.720069
1.01674
-0.154183
-0.158459
2.84478
0.27058
0.270937
0.0636095
0.913562
0.41114
-0.00885404
0.983563
0.885659
2.85944
2.64665
0.910139
13.5192
5.61969
3.24904
2.99734
3.15522
1.01034
2.10249
1.38348
0.680627
0.521402
0.216256
0.78338
2.633
1.321
0.44864
-0.0687976
-0.398746
0.0118722
-0.1892
0.0629079
0.0523417
-0.00800992
0.388029
-0.0423621
-0.103841
-0.35667
0.804907
1.54501
0.52018
0.662108
0.441246
0.193917
0.210796
0.344181
0.414352
0.138287
0.113838
0.725512
0.308338
0.320323
0.506584
0.866542
3.98482
0.916441
-0.27002
0.757353
0.263915
0.697274
-0.479489
-0.366376
-0.0726055
-0.147659
0.0895656
0.153161
0.358208
-0.120842
0.316671
1.38234
1.34679
2.41337
0.463435
0.336747
1.60243
0.415117
0.489567
0.486682
0.9686
0.370598
0.225712
0.921945
2.31761
3.96764
1.48348
3.66446
0.993674
0.105418
0.118668
0.0710566
0.214309
-0.228373
-0.478439
0.330597
0.362387
0.144809
-2.2732
2.48605
0.836348
0.991585
1.44661
2.1239
2.01595
2.10612
3.64575
0.702484
2.60901
77.7568
70.0642
36.6989
44.1521
20.0489
16.9866
13.0486
18.8951
13.5251
9.9688
6.58385
6.58898
6.38128
3.82557
3.22354
3.78141
12.7608
5.01714
2.37504
13.7858
5.10507
7.77491
7.26229
16.0718
14.4625
12.1611
13.4219
12.7561
13.725
11.9799
23.4247
22.9337
18.0171
21.215
16.7604
22.4743
18.4228
8.70875
26.7939
20.32
13.3087
18.9614
31.5661
3.4645
15.0685
9.13475
34.9958
17.979
22.3972
1.28181
1.60018
1.13725
4.83209
11.5624
6.09447
3.80733
1.94047
2.39571
4.75047
4.66843
11.1765
2.96889
2.82973
2.36123
7.83504
9.78883
7.03347
6.02818
4.87513
5.0785
2.27313
2.81183
3.64616
3.39335
3.54871
3.1062
5.71391
7.73499
3.17823
2.56781
3.44968
3.28164
1.45217
0.422776
0.409044
15.5234
7.22513
15.7206
12.1805
5.38897
3.72504
7.82115
12.9193
1.72913
8.24618
8.63527
0.422616
6.86977
1.04002
1.64021
2.4153
0.889181
1.13103
2.62944
-0.593774
0.147758
1.26022
3.75368
7.90713
7.05004
9.59344
0.874378
4.13238
8.5326
6.45121
8.12712
4.49048
5.92782
-0.245438
22.3434
31.2458
13.3455
8.50315
3.20404
1.10586
2.38569
1.91864
1.97583
3.31305
7.83102
13.2563
9.20503
15.102
19.0645
4.73641
2.10026
3.40809
26.0216
11.8952
12.9143
7.88175
8.31084
9.92346
1.7573
1.1258
1.94908
6.39223
5.98811
1.60172
1.42394
0.937017
0.892649
0.521436
9.92714
8.61759
0.267817
0.854067
-0.117735
-0.0345419
-0.128577
0.349729
0.139287
6.01517
1.48553
0.459834
2.28019
-0.385213
-0.303775
0.462317
0.125094
0.823637
0.159331
-0.549704
-0.614893
0.444398
0.249343
6.18856
-0.0645087
7.79442
-0.418335
3.75857
3.78361
7.33379
-0.413785
4.07629
4.1719
-0.916932
6.79747
1.82972
-0.705384
-0.419651
0.406581
4.18044
-0.162698
5.00747
4.87902
3.31367
5.82957
3.53049
7.55559
6.06141
8.09481
0.795773
15.6117
5.67551
16.3903
17.2982
-0.0834733
0.0488723
0.117451
0.00903298
0.013062
-0.146824
-0.0924115
-0.710834
0.0881837
-0.164054
0.033703
-0.220089
-0.37318
-1.13094
1.91253
0.785727
-0.116648
-0.141697
1.44468
2.67056
0.291822
0.952696
0.547308
-0.195021
0.0890822
0.126365
-0.021632
0.108871
0.0414122
0.0112865
-0.0694437
0.109386
0.177996
-0.0243601
-0.0678286
0.0124559
-0.00546936
0.0756311
-0.448083
0.05853
0.0112103
0.0330334
0.00250266
-0.0377662
-0.00481507
0.111708
-0.00779723
0.0990083
0.28761
-2.24107
-3.41168
-2.25217
-0.999459
-1.08453
-0.253661
-0.101279
-0.0772373
-0.206114
-0.0907153
-0.00443676
-0.693523
0.404188
2.58305
-0.386374
2.57188
4.6309
1.09173
1.00724
-0.339577
3.1849
3.89305
0.335457
-0.766437
-0.649179
-0.0735329
0.110693
-0.170841
-0.0610857
0.612665
0.129111
1.70812
0.360434
-0.0593277
43.4009
10.9593
34.6318
19.9578
29.9825
2.7595
87.8727
66.9487
52.6005
38.7528
15.2038
82.3529
18.4531
8.29761
5.79507
45.9482
5.92612
1.64882
3.52865
5.26705
4.55984
1.52738
-0.208051
0.324501
1.75988
2.41904
22.3908
1.22009
0.821513
1.53435
1.88812
0.621671
0.00532774
0.200396
0.210131
0.307374
1.32071
0.18964
0.529534
0.509147
-0.0237051
0.392096
0.0365189
-0.0651532
0.640796
0.334716
-0.432281
0.694498
12.6166
7.02936
8.65834
8.64805
4.69342
3.6901
12.7809
5.63285
8.81806
3.69633
0.100122
1.46357
1.71411
0.105528
0.0915504
1.41862
0.7239
1.25773
2.03972
2.43531
0.542657
0.0882861
-0.0325731
0.306014
-0.150749
-6.32532
-4.70906
0.349046
-0.879889
0.047509
-0.390985
-0.111576
0.0691515
0.0562395
-0.0969074
0.242814
0.0606238
-0.457908
-2.3755
-0.391173
-1.10408
-1.11113
-1.96393
-0.453972
-0.177276
-0.825182
1.65911
-3.12107
9.49485
0.114303
1.50619
5.11073
2.47809
1.30317
0.668279
-0.92001
1.22115
1.1959
0.668491
1.00327
0.023687
-0.837071
-1.56948
2.07792
-0.470646
-1.12683
3.31712
3.27795
1.15991
0.69052
-0.51464
-0.249438
-0.736079
0.137858
0.0296633
-0.0861179
-0.922537
1.4424
0.935794
-1.82642
-0.560668
5.25227
1.04015
-1.82938
-2.00113
-1.86203
1.74612
5.504
1.61833
0.117121
0.216061
0.319279
0.825354
3.95465
5.59503
4.69837
3.84553
2.58063
2.77566
4.79407
5.58453
7.61341
8.63292
7.55411
0.568955
3.42838
-1.38187
-1.99365
-0.291952
2.78089
-3.58729
-2.55738
-3.94634
0.49876
6.60103
-1.33563
1.00721
-2.67357
4.24737
0.511576
2.99634
1.39563
-0.989683
4.81269
3.91099
2.16511
2.3646
2.52216
0.311699
1.47333
1.13484
1.39185
2.64935
-0.163487
-1.00199
-2.31782
7.99835
4.58855
1.59405
0.716777
15.5253
1.50526
23.3241
10.4622
14.6003
11.5511
12.4793
31.8476
15.0024
15.0518
5.70219
21.2517
11.3896
19.0741
30.3283
7.54007
35.8952
91.8293
38.8593
74.1519
62.0292
27.7986
124.868
53.608
60.5796
46.5105
43.1675
62.4404
69.2726
48.5337
26.9445
15.5507
17.7526
15.6599
23.6478
12.575
7.25063
18.4763
15.6375
16.8803
26.9535
4.74438
31.7718
40.5392
25.5205
29.5154
7.19333
16.7448
9.96784
2.96098
-3.52494
3.22894
15.0239
15.3357
2.44433
1.86572
9.6124
4.16278
1.28525
6.82634
1.28219
-2.80665
-0.63037
1.26325
8.55429
0.500696
0.879237
5.29473
12.2328
2.01152
3.81203
2.01424
3.17561
2.17616
1.69279
-1.98947
4.41367
17.1014
4.73224
10.3755
0.933919
4.86621
6.98439
5.96888
5.63938
11.541
9.98245
8.61899
52.5917
24.3798
10.5628
4.42353
5.42917
7.74046
12.8251
5.12145
16.5701
7.2686
-0.533077
0.651023
1.30532
1.84773
-0.899268
11.8836
10.6464
1.24429
3.49461
9.28064
9.34782
28.9381
2.77489
42.6657
9.8512
5.03725
11.2452
20.4421
37.454
20.9684
7.42436
16.4883
29.4987
27.0893
8.62083
9.12878
21.0069
-1.16184
-3.14104
-1.59154
-1.60939
2.49442
10.2466
10.6574
5.05529
3.27946
15.8105
20.9749
22.2489
26.825
15.4435
4.09388
3.1881
1.41076
2.59999
2.98977
-1.4326
0.401388
-1.02788
-1.62704
7.38431
7.96325
0.0427625
3.33362
-0.0710147
2.82124
0.986137
5.75985
9.42717
7.78491
9.31025
10.5732
7.29021
3.41853
9.9103
2.89216
0.442827
-2.76952
-2.98781
-2.20979
0.90985
-4.02745
-2.90577
2.12717
-1.65169
11.0908
9.82793
9.1118
-2.25183
10.2441
4.31071
21.471
30.8972
-2.45348
12.5618
15.3417
1.29621
1.82166
-0.715016
0.349182
2.62141
11.5621
5.87898
-1.3367
-2.66255
-11.4801
0.262647
-2.21229
4.0695
4.28419
-1.62312
-4.41112
4.76893
23.9305
32.4041
-1.71907
5.60351
-6.99861
-3.13803
-2.70171
-3.17597
-1.67201
-2.12916
1.77653
-0.0797539
-0.94481
-3.30375
-7.36429
-1.3078
1.30353
2.72593
6.29951
2.97336
10.9827
24.6744
14.0173
7.04477
8.61145
2.63248
2.09778
-2.6225
-7.1375
-0.381856
4.5884
2.62559
-0.977861
1.07192
10.8441
-0.551177
-1.29658
-3.37763
1.09473
16.4189
3.72485
-0.0012914
3.35555
7.34539
-4.69704
2.3955
0.519323
1.06643
2.51495
1.28828
1.5902
0.0874494
-1.33266
6.37653
2.21518
-0.227309
0.716424
0.854852
-0.349073
-0.594418
4.592
3.06236
2.41033
19.4683
9.86448
4.20514
3.28803
4.80764
5.09419
33.2164
29.5685
12.2188
1.80872
1.2548
2.13482
1.37627
2.88157
1.04687
-1.85126
-0.575314
-6.23795
2.71205
-3.28777
-7.7749
-10.2917
-5.75201
2.07073
1.61202
-11.7735
-10.9629
1.46071
7.96817
18.8618
11.3823
8.38225
2.93785
9.99203
0.789407
-3.4999
24.5211
11.9276
9.24163
0.819667
7.21788
9.21242
7.52937
6.24137
8.39047
3.91179
5.69898
4.41987
4.33669
0.171204
6.19175
11.2874
10.8731
11.9407
5.60862
6.0413
-3.85629
9.14013
2.40659
6.87441
6.27097
2.57099
13.7255
21.3244
6.68
11.1301
9.13225
26.2368
18.6439
14.2482
10.6989
7.43362
6.9967
5.19499
7.25488
-4.75997
-4.78175
-7.108
16.8899
10.6731
9.80054
8.56691
5.1347
-2.38577
1.98778
-0.256612
-10.2541
-3.22352
25.6559
18.1482
31.1181
8.31725
6.42639
0.631203
4.76209
46.814
19.7442
7.12128
6.43244
-0.7373
12.1671
18.1469
0.543913
11.268
2.65942
28.549
16.2578
4.44553
25.396
10.503
52.2502
29.0121
39.4592
3.93551
5.30872
9.72107
2.40368
2.64165
2.89281
3.25215
14.0993
8.89205
26.1362
21.131
-2.80288
-3.67683
5.13314
3.12555
5.72211
0.87949
-1.10563
0.0846057
2.47819
28.0162
24.1434
21.1625
20.5495
23.4363
9.35857
20.8728
16.6055
17.9914
12.7411
17.3058
11.8904
10.6415
5.66321
5.70384
5.31109
-1.66127
-2.30543
2.20952
0.027803
-0.575794
-1.28968
3.8032
2.46584
-0.623956
-13.4901
-12.8106
4.59217
5.89811
4.74743
13.1123
10.1543
17.1268
27.9188
23.5052
8.12973
-2.88579
-1.78894
3.27522
-1.46152
9.30868
1.30647
5.46656
-3.1524
3.19451
4.68704
17.0019
1.32162
-1.23125
9.83034
5.55185
4.66969
8.7674
17.7408
7.95493
-0.990021
18.6616
5.36701
-1.40228
1.96424
2.85479
3.49472
7.13328
9.77672
1.43659
-2.81724
0.479329
-0.799028
8.42366
7.78438
-5.89109
1.88983
19.2633
24.7345
10.8225
4.49703
1.31677
3.72133
4.75299
8.89401
12.0397
-0.7354
-4.76494
-0.778116
2.05163
18.134
14.6159
30.9385
18.3088
17.8157
5.99171
7.07221
13.2044
6.56266
4.78769
5.36717
3.69209
0.229061
3.06326
4.76327
19.0783
27.2019
41.3416
20.7737
12.8606
9.98755
10.2352
8.28987
5.28682
4.54571
21.8432
19.4827
-1.77494
13.9446
2.93644
-2.95259
1.09441
0.64424
2.7223
1.58577
-5.1163
-7.114
-5.35749
1.71702
-16.3217
-6.19162
-2.63305
-4.86609
-3.46983
-3.41936
-3.46787
-3.35927
-5.47298
-7.18037
-6.54498
-6.43588
-5.33246
-3.20381
-3.5861
4.24787
3.3993
15.8292
-0.0205065
0.731706
4.06448
-2.80564
1.71445
-0.633132
-5.13298
-1.16668
-1.27834
-7.41696
-3.80065
10.4703
3.36441
1.74032
-0.283332
0.393014
-0.0228722
-0.407298
4.60973
-0.271898
-0.0999153
2.74481
0.332115
-2.61014
-3.33995
-0.2864
-1.41792
0.743247
-0.0841878
-11.3431
1.12017
2.11216
11.6794
-1.79933
20.4327
14.593
3.18545
-7.30326
-3.62206
0.685772
2.12803
1.44216
-6.09286
0.030012
-3.02516
1.6028
16.5435
-4.08846
0.201977
23.7901
8.28539
12.605
17.2699
8.11233
5.9836
0.851925
13.2056
11.0621
4.73028
14.0165
3.05878
2.37236
6.93959
0.550801
13.7179
11.0024
5.3776
0.38226
-0.828762
2.78288
0.886238
8.12526
12.848
23.247
8.78804
9.3658
6.8358
13.7929
7.20607
6.20894
-0.523755
10.3016
13.49
12.7142
43.3743
27.4709
37.2097
42.8325
62.4999
50.766
62.1715
26.2903
26.8919
16.8903
14.3754
16.1003
9.61458
-0.0588903
-10.116
1.59352
-4.98167
2.62199
-2.99422
-3.38048
-5.35115
-2.30166
-12.3664
-0.458633
2.04422
-1.42055
4.36685
-2.54383
-1.94184
1.70503
-3.48242
0.814623
10.6207
2.70505
-3.57548
22.0342
11.963
13.0919
-4.63003
-0.131862
4.3444
8.56234
7.34697
29.8328
4.92279
4.75727
11.781
9.34662
4.14261
0.866127
4.51659
-2.36681
7.37119
2.87465
-2.23502
0.280902
-4.16958
1.54673
33.8369
17.0498
2.95508
9.76616
0.265794
-5.50245
-6.62412
-4.43412
1.72095
-3.80095
9.30963
-0.616651
-4.76029
4.48774
-1.15837
1.13859
-1.20038
-0.33654
17.8002
3.75804
-0.907635
-1.55129
-2.24003
1.47066
27.1861
6.25177
3.75158
10.4992
-5.32205
-4.46406
-0.662337
4.89326
0.484843
0.447718
-0.390989
3.18136
-0.410247
1.43844
-3.0246
-0.566512
14.4999
-1.38327
-5.75081
2.7127
-1.95012
-0.378845
0.420426
-0.995339
-0.527108
0.891603
9.39209
1.07942
12.3256
20.6042
1.44491
2.03755
-4.16476
-5.9624
5.11813
17.379
9.35028
-4.12613
-2.10558
11.7356
-0.453306
-1.14626
-2.02004
-4.42098
0.43331
0.852521
5.42993
1.23374
0.411511
1.91676
0.297496
3.06036
-1.11184
-3.77156
-0.67019
0.702591
7.53697
5.8906
0.431073
12.7265
-1.38473
7.97008
24.6925
10.7373
6.4765
8.32086
4.37907
2.82215
0.445216
0.543605
4.85547
2.1056
7.27217
4.84803
5.48231
2.55076
0.450768
-1.15036
-4.13927
-3.04092
-2.83855
-7.45037
-8.34649
-7.92032
6.50265
7.14813
1.46216
-1.19891
3.60015
-0.840747
12.8103
3.68472
4.29481
33.9842
14.7911
-3.10783
-1.55281
2.60916
6.09086
16.1574
12.4576
4.25505
3.35338
-1.63452
-0.548236
0.576949
-1.75272
-8.70424
-6.26983
-2.34599
-6.54535
9.41257
1.90588
-0.229006
4.1401
-0.10763
-0.92997
3.29725
4.04125
0.483931
-5.27773
-0.946556
-1.87334
-1.76056
-1.65085
-0.919408
-1.85685
-3.60228
-6.42005
0.507072
0.676976
-17.1189
-31.4156
-8.90851
0.485523
1.65086
2.13015
1.43129
1.40053
0.122383
0.946902
-5.4844
-0.707009
1.0406
0.419878
3.76709
10.256
12.2486
10.8171
3.48879
3.96507
4.60838
1.36614
-2.85217
-4.06999
-1.59941
-1.74555
-1.55625
0.447066
-1.65592
-0.484404
0.863605
-2.50287
-4.44886
-1.88752
-1.91356
0.200268
0.644575
-2.1289
-0.535836
5.18587
5.7953
6.01538
6.39957
0.963258
1.35752
3.25903
1.33176
5.3254
2.7258
-0.872189
-2.38138
-1.06544
-0.00992802
-0.0121152
5.16465
-1.67397
2.64538
17.0335
29.5693
11.9241
14.3329
25.9488
32.2205
35.0531
12.056
7.35943
8.63018
11.1113
1.66379
0.762385
3.05982
0.664968
-1.22499
5.61307
6.96237
-0.184083
-1.85673
0.311172
5.95176
9.7821
5.85524
7.25924
-0.106407
5.46482
7.9291
6.69859
0.855351
1.01239
9.51655
13.5903
2.19123
3.91739
2.48539
6.53321
0.756862
3.60071
1.27013
2.20158
2.09759
3.07803
3.77726
7.01584
10.4573
23.2531
15.3197
8.536
6.9657
4.99715
-4.61412
-2.22194
-2.70967
1.63644
0.203743
0.81059
0.419385
-0.427959
1.05786
0.309559
-1.72475
-3.37351
-2.44705
0.175416
-0.998565
1.68893
-2.99468
-2.42826
-2.899
1.79945
4.90332
-2.37246
-0.718951
-2.86348
-3.53494
-3.20511
-6.0267
-6.11834
-5.5992
-1.68402
1.25323
-4.38307
-0.257565
-4.75329
-0.572559
8.45699
7.76566
3.56905
4.66133
7.30187
7.42998
4.35348
8.4509
6.7574
12.2748
12.3389
2.06565
11.6891
8.76191
4.16684
4.98079
2.98478
-0.211954
2.2939
2.08133
-1.34479
1.31442
1.58499
-0.295984
-0.538736
1.39264
-0.105248
8.00607
5.94228
15.1015
10.2743
4.8102
1.9856
4.05185
5.07521
2.31684
3.16012
7.29111
5.5314
5.66862
1.09489
-1.79571
0.0812681
8.57631
10.636
10.2786
6.2111
9.25516
4.24794
10.2614
6.95706
-3.23286
0.781155
6.19541
-0.447216
0.698892
0.0149417
-2.0181
-2.86979
0.530027
-0.925312
1.7277
3.61594
-1.9369
-0.0811431
0.948008
1.00496
-2.29873
-2.74049
-8.57133
-4.23737
-2.88331
-1.36803
-1.69814
-5.61857
-0.681719
0.464792
9.97066
1.73027
1.77362
0.974545
3.00862
-0.108909
2.18997
1.00049
0.00535593
1.88122
6.28157
11.0265
13.7753
11.2511
17.7211
13.3696
21.3392
0.542076
1.13882
-1.72219
0.0208438
2.95555
1.43541
-1.14537
-1.57099
-1.01081
0.462615
5.29126
10.8082
2.47806
-4.33528
4.36758
1.43476
-1.55393
3.71741
9.53373
-0.878311
4.30068
9.23593
2.50806
0.372298
8.71994
1.9733
-2.56355
3.08982
2.61967
5.76312
3.82094
1.43369
0.00651483
-0.933884
2.09309
4.20262
-0.868849
2.32558
0.829189
-0.124193
1.33629
-1.03943
-0.744657
-2.08415
-2.71997
-0.32413
-2.99127
1.5373
4.81881
0.788567
-1.63639
1.42862
7.69994
4.24206
7.41197
0.304987
0.98743
1.50332
0.726815
2.14914
-0.0351704
2.87694
1.13273
7.9777
13.5414
8.72399
0.277623
2.97066
6.04733
2.58366
10.1384
7.04997
2.28561
3.06346
3.54985
6.57987
3.98442
2.47134
3.94874
1.43996
3.46251
3.6786
4.98966
6.85057
1.26862
0.416675
-1.04956
0.0819514
3.00274
6.25842
-0.866157
-5.42571
-11.617
-6.36004
-13.8296
10.8897
9.92139
9.39826
13.9031
16.9665
7.3843
4.39724
13.9341
26.5904
13.1619
6.74824
17.9893
10.0253
5.85513
12.7593
21.1423
12.5545
10.8981
12.9432
5.22416
2.4969
3.97966
15.8609
31.7499
19.1964
17.1952
15.3145
19.3108
6.54456
4.26124
25.14
14.2338
4.89672
6.79883
7.93379
6.98963
7.54923
6.18315
3.84394
4.64116
3.73739
4.6254
4.70682
2.02284
0.322784
1.9907
2.12119
1.66207
3.69383
5.84438
4.68559
1.98207
1.79368
